0.02499999999999999;0.020896315574645996;[1.0, 1.0, -1.0, -1.0, -1.0, 0.0, 0.0, 0.0, -1.0, 0.0, -1.0, 0.0, -1.0, 1.0, 1.0, -1.0, -1.0, 0.0, 0.0, 1.0, 0.0, 0.0, 1.0, 1.0]
0.025043771589811196;5.283944606781006;[0.9998999834060669, 0.9998999834060669, -0.9998999834060669, -0.9998999834060669, -1.000100016593933, -9.999996109399945e-05, -9.999977191910148e-05, 9.999999747378752e-05, -1.000100016593933, 9.999902977142483e-05, -0.9998999834060669, -9.99999901978299e-05, -1.000100016593933, 1.000100016593933, 1.000100016593933, -1.000100016593933, -1.000100016593933, -0.00010000000474974513, -9.999997564591467e-05, 0.9998999834060669, 0.00010000000474974513, 9.999987378250808e-05, 1.000100016593933, 0.9998999834060669]
0.02958821304048453;5.384011745452881;[0.9898983240127563, 0.9898983240127563, -0.9898983240127563, -0.9898983240127563, -1.0101016759872437, -0.010099985636770725, -0.010099981911480427, 0.010099991224706173, -1.0101016759872437, 0.010099891573190689, -0.9898983240127563, -0.010099990293383598, -1.0101016759872437, 1.0101016759872437, 1.0101016759872437, -1.0101016759872437, -1.0101016759872437, -0.010099990293383598, -0.010099990293383598, 0.9898983240127563, 0.010099991224706173, 0.010099983774125576, 1.0101016759872437, 0.9898983240127563]
0.03445149408391305;5.484078884124756;[0.9798966646194458, 0.9798966646194458, -0.9798966646194458, -0.9798966646194458, -1.0201033353805542, -0.02009996958076954, -0.02009996399283409, 0.020099975168704987, -1.0201033353805542, 0.020099740475416183, -0.9798966646194458, -0.020099973306059837, -1.0201033353805542, 1.0201033353805542, 1.0201033353805542, -1.0201033353805542, -1.0201033353805542, -0.020099973306059837, -0.020099973306059837, 0.9798966646194458, 0.020099973306059837, 0.02009996585547924, 1.0201033353805542, 0.9798966646194458]
0.03961417357773082;5.584146022796631;[0.9698950052261353, 0.9698950052261353, -0.9698950052261353, -0.9698950052261353, -1.0301049947738647, -0.030099952593445778, -0.03009994700551033, 0.030099958181381226, -1.0301049947738647, 0.0300995372235775, -0.9698950052261353, -0.030099956318736076, -1.0301049947738647, 1.0301049947738647, 1.0301049947738647, -1.0301049947738647, -1.0301049947738647, -0.030099956318736076, -0.030099956318736076, 0.9698950052261353, 0.030099956318736076, 0.03009994886815548, 1.0301049947738647, 0.9698950052261353]
0.045055744245072964;5.684211254119873;[0.9598933458328247, 0.9598933458328247, -0.9598933458328247, -0.9598933458328247, -1.0401066541671753, -0.040099769830703735, -0.04009976610541344, 0.04009977728128433, -1.0401066541671753, 0.040099333971738815, -0.9598933458328247, -0.040099773555994034, -1.0401066541671753, 1.0401066541671753, 1.0401066541671753, -1.0401066541671753, -1.0401066541671753, -0.0401001051068306, -0.040099773555994034, 0.9598933458328247, 0.040099773555994034, 0.04009976610541344, 1.0401066541671753, 0.9598933458328247]
0.05075495549799904;5.784278392791748;[0.9498916864395142, 0.9498916864395142, -0.9498916864395142, -0.9498916864395142, -1.0501083135604858, -0.05009956657886505, -0.05009956285357475, 0.05009957402944565, -1.0501083135604858, 0.05009913071990013, -0.9498916864395142, -0.050099704414606094, -1.0501083135604858, 1.0501083135604858, 1.0501083135604858, -1.0501083135604858, -1.0501083135604858, -0.05010027438402176, -0.05009957030415535, 0.9498916864395142, 0.05009957030415535, 0.05009956285357475, 1.0501083135604858, 0.9498916864395142]
0.056689949007475614;5.884342670440674;[0.9398900270462036, 0.9398900270462036, -0.9398900270462036, -0.9398900270462036, -1.0601099729537964, -0.06009936332702637, -0.06009935960173607, 0.060099370777606964, -1.0601099729537964, 0.06009892746806145, -0.9398900270462036, -0.060099873691797256, -1.0601099729537964, 1.0601099729537964, 1.0601099729537964, -1.0601099729537964, -1.0601099729537964, -0.06010044366121292, -0.060099367052316666, 0.9398900270462036, 0.060099367052316666, 0.06009942293167114, 1.0601099729537964, 0.9398900270462036]
0.06283850071811219;5.984410762786865;[0.9298883676528931, 0.9298883676528931, -0.9298883676528931, -0.9298883676528931, -1.070111632347107, -0.07009944319725037, -0.07009943574666977, 0.07009945064783096, -1.070111632347107, 0.07009900361299515, -0.9298883676528931, -0.07010003924369812, -1.070111632347107, 1.070111632347107, 1.070111632347107, -1.070111632347107, -1.070111632347107, -0.07010061293840408, -0.07009944319725037, 0.9298883676528931, 0.07009944319725037, 0.07009956240653992, 1.070111632347107, 0.9298883676528931]
0.06917817081061448;6.084476947784424;[0.9198867082595825, 0.9198867082595825, -0.9198867082595825, -0.9198867082595825, -1.0801132917404175, -0.08009961247444153, -0.08009960502386093, 0.08009961992502213, -1.0801132917404175, 0.08009917289018631, -0.9198867082595825, -0.08010020852088928, -1.0801132917404175, 1.0801132917404175, 1.0801132917404175, -1.0801132917404175, -1.0801132917404175, -0.08010078221559525, -0.08009961247444153, 0.9198867082595825, 0.08009961247444153, 0.08009973168373108, 1.0801132917404175, 0.9198867082595825]
0.07568655091097869;6.184544086456299;[0.909885048866272, 0.909885048866272, -0.909885048866272, -0.909885048866272, -1.090114951133728, -0.09009978175163269, -0.0900997743010521, 0.09009978920221329, -1.090114951133728, 0.09009934216737747, -0.909885048866272, -0.09010037779808044, -1.090114951133728, 1.090114951133728, 1.090114951133728, -1.090114951133728, -1.090114951133728, -0.09010095149278641, -0.09009978175163269, 0.909885048866272, 0.09009978175163269, 0.09009990096092224, 1.090114951133728, 0.909885048866272]
0.0823414405158482;6.284611225128174;[0.8998833894729614, 0.8998833894729614, -0.8998833894729614, -0.8998833894729614, -1.1001166105270386, -0.10009995102882385, -0.10009994357824326, 0.10009995847940445, -1.1001166105270386, 0.10009951144456863, -0.8998833894729614, -0.1001005470752716, -1.1001166105270386, 1.1001166105270386, 1.1001166105270386, -1.1001166105270386, -1.1001166105270386, -0.10010112076997757, -0.10009995102882385, 0.8998833894729614, 0.10009995102882385, 0.1001000702381134, 1.1001166105270386, 0.8998833894729614]
0.08912099345155486;6.384678363800049;[0.8898817300796509, 0.8898817300796509, -0.8898817300796509, -0.8898817300796509, -1.1101182699203491, -0.11010012030601501, -0.11010011285543442, 0.11010012775659561, -1.1101182699203491, 0.1100996807217598, -0.8898817300796509, -0.11010071635246277, -1.1101182699203491, 1.1101182699203491, 1.1101182699203491, -1.1101182699203491, -1.1101182699203491, -0.11010129004716873, -0.11010012030601501, 0.8898817300796509, 0.11010012030601501, 0.11010023951530457, 1.1101182699203491, 0.8898817300796509]
0.09600385899095164;6.484744548797607;[0.8798800706863403, 0.8798800706863403, -0.8798800706863403, -0.8798800706863403, -1.1201199293136597, -0.12010028958320618, -0.12010028213262558, 0.12010029703378677, -1.1201199293136597, 0.12009984999895096, -0.8798800706863403, -0.12010088562965393, -1.1201199293136597, 1.1201199293136597, 1.1201199293136597, -1.1201199293136597, -1.1201199293136597, -0.1201014593243599, -0.12010028958320618, 0.8798800706863403, 0.12010028958320618, 0.12010040879249573, 1.1201199293136597, 0.8798800706863403]
0.10296930452246741;6.584811687469482;[0.8698784112930298, 0.8698784112930298, -0.8698784112930298, -0.8698784112930298, -1.1301215887069702, -0.13010045886039734, -0.13010044395923615, 0.13010045886039734, -1.1301215887069702, 0.13010001182556152, -0.8698784112930298, -0.1301010549068451, -1.1301215887069702, 1.1301215887069702, 1.1301215887069702, -1.1301215887069702, -1.1301215887069702, -0.13010162115097046, -0.13010045886039734, 0.8698784112930298, 0.13010045886039734, 0.1301005780696869, 1.1301215887069702, 0.8698784112930298]
0.10999732209787531;6.684877872467041;[0.8598767518997192, 0.8598767518997192, -0.8598767518997192, -0.8598767518997192, -1.1401232481002808, -0.1401006281375885, -0.1401006132364273, 0.1401006281375885, -1.1401232481002808, 0.14010018110275269, -0.8598767518997192, -0.14010122418403625, -1.1401232481002808, 1.1401232481002808, 1.1401232481002808, -1.1401232481002808, -1.1401232481002808, -0.14010179042816162, -0.1401006281375885, 0.8598767518997192, 0.1401006281375885, 0.14010074734687805, 1.1401232481002808, 0.8598767518997192]
0.11706871324672723;6.784945011138916;[0.8498750925064087, 0.8498750925064087, -0.8498750925064087, -0.8498750925064087, -1.1501249074935913, -0.15010079741477966, -0.15010078251361847, 0.15010079741477966, -1.1501249074935913, 0.15010035037994385, -0.8498750925064087, -0.15010139346122742, -1.1501249074935913, 1.1501249074935913, 1.1501249074935913, -1.1501249074935913, -1.1501249074935913, -0.15010195970535278, -0.15010079741477966, 0.8498750925064087, 0.15010079741477966, 0.1501009166240692, 1.1501249074935913, 0.8498750925064087]
0.12416516070375806;6.885012149810791;[0.8398734331130981, 0.8398734331130981, -0.8398734331130981, -0.8398734331130981, -1.1601265668869019, -0.16010096669197083, -0.16010095179080963, 0.16010096669197083, -1.1601265668869019, 0.160100519657135, -0.8398734331130981, -0.16010156273841858, -1.1601265668869019, 1.1601265668869019, 1.1601265668869019, -1.1601265668869019, -1.1601265668869019, -0.16010212898254395, -0.16010096669197083, 0.8398734331130981, 0.16010096669197083, 0.16010108590126038, 1.1601265668869019, 0.8398734331130981]
0.13126928194631093;6.98507833480835;[0.8298717737197876, 0.8298717737197876, -0.8298717737197876, -0.8298717737197876, -1.1701282262802124, -0.170101135969162, -0.1701011210680008, 0.170101135969162, -1.1701282262802124, 0.17010068893432617, -0.8298717737197876, -0.17010173201560974, -1.1701282262802124, 1.1701282262802124, 1.1701282262802124, -1.1701282262802124, -1.1701282262802124, -0.1701022982597351, -0.170101135969162, 0.8298717737197876, 0.170101135969162, 0.17010125517845154, 1.1701282262802124, 0.8298717737197876]
0.1383646680782812;7.085145473480225;[0.819870114326477, 0.819870114326477, -0.819870114326477, -0.819870114326477, -1.180129885673523, -0.18010130524635315, -0.18010129034519196, 0.18010130524635315, -1.180129885673523, 0.18010085821151733, -0.819870114326477, -0.1801019012928009, -1.180129885673523, 1.180129885673523, 1.180129885673523, -1.180129885673523, -1.180129885673523, -0.18010246753692627, -0.18010130524635315, 0.819870114326477, 0.18010130524635315, 0.1801014244556427, 1.180129885673523, 0.819870114326477]
0.1455233226020733;7.181311130523682;[0.8098382353782654, 0.8099456429481506, -0.809893786907196, -0.810806393623352, -1.1901928186416626, -0.1908446103334427, -0.1889941692352295, 0.1868811696767807, -1.1901315450668335, 0.1925377994775772, -0.8070903420448303, -0.19013723731040955, -1.1901317834854126, 1.189831018447876, 1.1901016235351562, -1.1901028156280518, -1.1899882555007935, -0.18999050557613373, -0.19023928046226501, 0.8163593411445618, 0.19011104106903076, 0.1894787847995758, 1.1901111602783203, 0.8089989423751831]
0.1526818621817157;7.275245189666748;[0.7997939586639404, 0.8000532984733582, -0.7999281287193298, -0.8021576404571533, -1.2002813816070557, -0.20187246799468994, -0.19739127159118652, 0.19203154742717743, -1.200133204460144, 0.2057441771030426, -0.7934730648994446, -0.2001870721578598, -1.2001334428787231, 1.1994057893753052, 1.2000606060028076, -1.2000641822814941, -1.1997873783111572, -0.19983209669589996, -0.20043307542800903, 0.8164349794387817, 0.20012469589710236, 0.19858716428279877, 1.2000848054885864, 0.7977990508079529]
0.15978854243663254;7.368941783905029;[0.7897534370422363, 0.7901521921157837, -0.7899596691131592, -0.7934296727180481, -1.2103623151779175, -0.21279576420783997, -0.2058754414319992, 0.19722458720207214, -1.2101348638534546, 0.2184813767671585, -0.7804169058799744, -0.2102326899766922, -1.2101351022720337, 1.209011435508728, 1.2100231647491455, -1.210029125213623, -1.209601640701294, -0.209686279296875, -0.21061024069786072, 0.816780686378479, 0.21013711392879486, 0.20775458216667175, 1.2100621461868286, 0.7867251634597778]
0.16683731774499597;7.462470531463623;[0.7797164916992188, 0.7802428603172302, -0.7799886465072632, -0.7846201658248901, -1.2204358577728271, -0.22362278401851654, -0.21445104479789734, 0.2024911493062973, -1.2201365232467651, 0.23082953691482544, -0.7678166031837463, -0.22027435898780823, -1.2201367616653442, 1.218648910522461, 1.2199890613555908, -1.2199960947036743, -1.2194311618804932, -0.2195526510477066, -0.22077146172523499, 0.8173333406448364, 0.22014853358268738, 0.21698184311389923, 1.220039963722229, 0.7757662534713745]
0.17382217741273986;7.555867671966553;[0.7696825861930847, 0.7703258991241455, -0.7700150012969971, -0.7757391929626465, -1.230504035949707, -0.2343699038028717, -0.22310642898082733, 0.20781219005584717, -1.2301381826400757, 0.24287407100200653, -0.7555679678916931, -0.2303125560283661, -1.2301384210586548, 1.2283129692077637, 1.2299573421478271, -1.229965090751648, -1.2292745113372803, -0.22942952811717987, -0.23091918230056763, 0.8181250095367432, 0.2301589548587799, 0.22626084089279175, 1.2300182580947876, 0.7649028897285461]
0.18073568983068464;7.649162769317627;[0.7596518397331238, 0.7604023218154907, -0.7600393295288086, -0.7667887210845947, -1.240565538406372, -0.2450447678565979, -0.23184038698673248, 0.213200643658638, -1.2401398420333862, 0.25466230511665344, -0.7436122894287109, -0.24034754931926727, -1.2401400804519653, 1.2380025386810303, 1.2399280071258545, -1.2399370670318604, -1.2391304969787598, -0.23931610584259033, -0.24105435609817505, 0.819125771522522, 0.240168496966362, 0.23558948934078217, 1.2399981021881104, 0.7541252374649048]
0.18757082779661108;7.742381572723389;[0.7496235966682434, 0.7504728436470032, -0.7500616312026978, -0.7577704787254333, -1.2506226301193237, -0.2556540071964264, -0.24065177142620087, 0.21866849064826965, -1.2501415014266968, 0.26623082160949707, -0.7319061756134033, -0.25037965178489685, -1.2501417398452759, 1.2477163076400757, 1.2499017715454102, -1.2499122619628906, -1.2489982843399048, -0.24921196699142456, -0.25117790699005127, 0.8203075528144836, 0.2501773238182068, 0.24496595561504364, 1.249979019165039, 0.7434247136116028]
0.1943203623560772;7.835536479949951;[0.7395977973937988, 0.740537166595459, -0.7400820851325989, -0.7486838698387146, -1.2606736421585083, -0.26620224118232727, -0.24954167008399963, 0.22423535585403442, -1.2601431608200073, 0.2776041030883789, -0.7204191088676453, -0.2604086995124817, -1.2601433992385864, 1.2574539184570312, 1.2598772048950195, -1.2598888874053955, -1.258877158164978, -0.2591168284416199, -0.2612902522087097, 0.8216266632080078, 0.2601853311061859, 0.25438958406448364, 1.2599624395370483, 0.7327957153320312]
0.20097833647351707;7.928653240203857;[0.7295738458633423, 0.7305963635444641, -0.7301007509231567, -0.7395411133766174, -1.2707217931747437, -0.27670103311538696, -0.25849613547325134, 0.2298717051744461, -1.2701448202133179, 0.28882429003715515, -0.7091031074523926, -0.2704356908798218, -1.270145058631897, 1.2672104835510254, 1.26985502243042, -1.2698676586151123, -1.2687650918960571, -0.26902875304222107, -0.2713935077190399, 0.8231342434883118, 0.27019259333610535, 0.2638522982597351, 1.2699484825134277, 0.7222242951393127]
0.20753788700513665;8.021728515625;[0.7195523977279663, 0.7206505537033081, -0.7201178073883057, -0.7303382158279419, -1.280765414237976, -0.28715065121650696, -0.2675204575061798, 0.23560915887355804, -1.2801464796066284, 0.29989826679229736, -0.697949230670929, -0.2804602384567261, -1.2801467180252075, 1.276987075805664, 1.2798346281051636, -1.2798473834991455, -1.278661847114563, -0.27894827723503113, -0.28148752450942993, 0.8247634172439575, 0.2801993191242218, 0.2733558118343353, 1.27993643283844, 0.7117106318473816]
0.21399400334792093;8.11479377746582;[0.7095323204994202, 0.7107011079788208, -0.7101336717605591, -0.7210918664932251, -1.2908059358596802, -0.29756462574005127, -0.2765951156616211, 0.24139462411403656, -1.290148138999939, 0.31086841225624084, -0.6869104504585266, -0.2904830574989319, -1.290148377418518, 1.286778450012207, 1.289815068244934, -1.2898285388946533, -1.2885661125183105, -0.28887316584587097, -0.2915746867656708, 0.8266063928604126, 0.2902054786682129, 0.2828889787197113, 1.289925456047058, 0.7012386322021484]
0.22034074005934948;8.20782470703125;[0.6995136141777039, 0.7007472515106201, -0.7001481652259827, -0.7117930054664612, -1.300843358039856, -0.3079385459423065, -0.28573161363601685, 0.24728059768676758, -1.3001497983932495, 0.32172563672065735, -0.6759955883026123, -0.3005039393901825, -1.3001500368118286, 1.2965863943099976, 1.2997968196868896, -1.2998114824295044, -1.298478126525879, -0.2988044321537018, -0.3016543388366699, 0.828558087348938, 0.30021119117736816, 0.292457640171051, 1.2999151945114136, 0.6908127069473267]
0.22657287772727808;8.30085563659668;[0.689496636390686, 0.6907891035079956, -0.6901612281799316, -0.7024404406547546, -1.310876727104187, -0.31827399134635925, -0.2949311137199402, 0.2532837986946106, -1.31015145778656, 0.33247658610343933, -0.6651976704597473, -0.3105228543281555, -1.3101516962051392, 1.3064112663269043, 1.309780478477478, -1.3097964525222778, -1.3083983659744263, -0.30874207615852356, -0.3117263913154602, 0.8305812478065491, 0.3102163076400757, 0.3020614981651306, 1.3099050521850586, 0.6804319024085999]
0.23268668548618912;8.393882751464844;[0.6794810891151428, 0.6808283925056458, -0.6801735758781433, -0.6930534243583679, -1.320907711982727, -0.328584223985672, -0.30417144298553467, 0.25933733582496643, -1.3201531171798706, 0.3431593179702759, -0.6544741988182068, -0.3205404579639435, -1.3201533555984497, 1.316246509552002, 1.3197659254074097, -1.319783091545105, -1.3183236122131348, -0.31868356466293335, -0.32179343700408936, 0.8327903747558594, 0.32022109627723694, 0.31168851256370544, 1.319894790649414, 0.6700801849365234]
0.23867763552453616;8.486898422241211;[0.6694667339324951, 0.6708642840385437, -0.6701849102973938, -0.6836215257644653, -1.3309358358383179, -0.3388635814189911, -0.3134647011756897, 0.2654958665370941, -1.3301547765731812, 0.35376060009002686, -0.6438397169113159, -0.3305564224720001, -1.3301550149917603, 1.3260964155197144, 1.3297520875930786, -1.3297702074050903, -1.3282556533813477, -0.3286300599575043, -0.3318544924259186, 0.8350781202316284, 0.3302253186702728, 0.32134467363357544, 1.329884648323059, 0.6597636342048645]
0.24454234687806561;8.579916000366211;[0.6594532132148743, 0.6608973741531372, -0.6601952314376831, -0.6741531491279602, -1.3409624099731445, -0.3491184413433075, -0.3228010833263397, 0.2717331647872925, -1.3401564359664917, 0.3642980754375458, -0.6332747936248779, -0.34057116508483887, -1.3401566743850708, 1.3359572887420654, 1.3397395610809326, -1.3397587537765503, -1.3381924629211426, -0.3385806381702423, -0.341910719871521, 0.8374839425086975, 0.3402293026447296, 0.33102449774742126, 1.3398751020431519, 0.6494753360748291]
0.2502777589035516;8.672941207885742;[0.6494410037994385, 0.6509280800819397, -0.6502048373222351, -0.664654016494751, -1.3509870767593384, -0.35935288667678833, -0.3321743905544281, 0.27803611755371094, -1.3501580953598022, 0.3747829496860504, -0.6227667331695557, -0.3505849242210388, -1.3501583337783813, 1.3458268642425537, 1.3497283458709717, -1.3497482538223267, -1.3481335639953613, -0.3485345244407654, -0.3519628047943115, 0.8400227427482605, 0.3502330183982849, 0.3407244086265564, 1.3498659133911133, 0.6392108201980591]
0.255880941909958;8.765968322753906;[0.6394296884536743, 0.6409561634063721, -0.6402135491371155, -0.6551206707954407, -1.3610094785690308, -0.3695654273033142, -0.3415888845920563, 0.28442755341529846, -1.3601597547531128, 0.3852119743824005, -0.6123191714286804, -0.36059752106666565, -1.360159993171692, 1.3557066917419434, 1.359717845916748, -1.3597383499145508, -1.3580797910690308, -0.358492374420166, -0.36201053857803345, 0.8426450490951538, 0.3602364659309387, 0.3504464030265808, 1.359857201576233, 0.6289712190628052]
0.2613497749634437;8.859006881713867;[0.6294190883636475, 0.6309822201728821, -0.6302216053009033, -0.6455596685409546, -1.3710299730300903, -0.3797605633735657, -0.35103610157966614, 0.2908856272697449, -1.3701614141464233, 0.3955979645252228, -0.6019183993339539, -0.37060898542404175, -1.3701616525650024, 1.3655946254730225, 1.369707703590393, -1.3697282075881958, -1.3680295944213867, -0.36845308542251587, -0.37205472588539124, 0.8453819751739502, 0.3702397644519806, 0.36018607020378113, 1.3698476552963257, 0.6187512874603271]
0.26668198670942495;8.952047348022461;[0.619409441947937, 0.6210061311721802, -0.6202290058135986, -0.6359681487083435, -1.3810487985610962, -0.389936625957489, -0.360520601272583, 0.29743361473083496, -1.3801630735397339, 0.4059363901615143, -0.5915688872337341, -0.38061949610710144, -1.380163311958313, 1.3754916191101074, 1.3796981573104858, -1.3797187805175781, -1.377983808517456, -0.378417044878006, -0.38209497928619385, 0.8481845855712891, 0.3802427351474762, 0.36994534730911255, 1.379839539527893, 0.6085534691810608]
0.2718761006993044;9.045095443725586;[0.6094005703926086, 0.6110280752182007, -0.6102359294891357, -0.6263504028320312, -1.3910659551620483, -0.4000970423221588, -0.37003660202026367, 0.30405664443969727, -1.3901647329330444, 0.41623619198799133, -0.5812610983848572, -0.3906293213367462, -1.3901649713516235, 1.385396957397461, 1.389689326286316, -1.3897101879119873, -1.3879413604736328, -0.38838380575180054, -0.3921319246292114, 0.8510702848434448, 0.39024537801742554, 0.3797212839126587, 1.389832615852356, 0.5983735918998718]
0.2769311945321985;9.138168334960938;[0.5993919968605042, 0.6010488867759705, -0.6002424359321594, -0.616716742515564, -1.4010820388793945, -0.4102480709552765, -0.3795718550682068, 0.31071117520332336, -1.400166392326355, 0.42651429772377014, -0.5709765553474426, -0.400638610124588, -1.400166630744934, 1.3953059911727905, 1.3996809720993042, -1.3997018337249756, -1.397900938987732, -0.39835214614868164, -0.4021669030189514, 0.8541045784950256, 0.4002479314804077, 0.3895074427127838, 1.3998262882232666, 0.5882044434547424]
0.2818458111611061;9.23123550415039;[0.5893843770027161, 0.5910675525665283, -0.5902483463287354, -0.6070515513420105, -1.4110968112945557, -0.4203803837299347, -0.3891451954841614, 0.3174801468849182, -1.4101680517196655, 0.4367460310459137, -0.5607422590255737, -0.41064688563346863, -1.4101682901382446, 1.4052244424819946, 1.4096730947494507, -1.4096940755844116, -1.4078648090362549, -0.4083239436149597, -0.41219809651374817, 0.857139527797699, 0.41025009751319885, 0.39931347966194153, 1.4098210334777832, 0.5780568718910217]
0.28661991395481023;9.32432746887207;[0.5793769359588623, 0.5810853838920593, -0.5802541971206665, -0.5973755717277527, -1.421110987663269, -0.43050676584243774, -0.3987320363521576, 0.3242669105529785, -1.420169711112976, 0.44696465134620667, -0.5505214929580688, -0.4206547737121582, -1.4201699495315552, 1.4151458740234375, 1.4196659326553345, -1.419687032699585, -1.417830228805542, -0.418296754360199, -0.4222279489040375, 0.8603298664093018, 0.4202522337436676, 0.4091264009475708, 1.419816255569458, 0.5679160952568054]
0.29125286457770866;9.41741943359375;[0.5693701505661011, 0.5711016654968262, -0.5702593922615051, -0.5876769423484802, -1.4311244487762451, -0.4406203329563141, -0.4083460569381714, 0.3311322331428528, -1.4301713705062866, 0.457152396440506, -0.5403340458869934, -0.43066197633743286, -1.4301716089248657, 1.4250741004943848, 1.4296586513519287, -1.4296801090240479, -1.4277982711791992, -0.4282718598842621, -0.43225520849227905, 0.8635650873184204, 0.43025410175323486, 0.41895338892936707, 1.4298123121261597, 0.55778968334198]
0.29574447887311295;9.510528564453125;[0.5593642592430115, 0.5611167550086975, -0.5602641105651855, -0.5779597759246826, -1.4411356449127197, -0.45072343945503235, -0.41798269748687744, 0.3380630910396576, -1.4401730298995972, 0.46731501817703247, -0.5301734209060669, -0.4406684935092926, -1.4401732683181763, 1.435007929801941, 1.4396523237228394, -1.439673900604248, -1.437768816947937, -0.4382489323616028, -0.4422803223133087, 0.8668599128723145, 0.4402557611465454, 0.42879197001457214, 1.439808964729309, 0.5476752519607544]
0.300095165300029;9.60365104675293;[0.5493587851524353, 0.5511303544044495, -0.5502685904502869, -0.5682235360145569, -1.4511462450027466, -0.4608156979084015, -0.42764267325401306, 0.34506574273109436, -1.4501746892929077, 0.47745224833488464, -0.520039975643158, -0.45067456364631653, -1.4501749277114868, 1.4449458122253418, 1.4496464729309082, -1.4496684074401855, -1.447741985321045, -0.4482279419898987, -0.45230308175086975, 0.8701962232589722, 0.4502573013305664, 0.4386425316333771, 1.449805736541748, 0.5375733971595764]
0.3043052924336898;9.696781158447266;[0.5393536686897278, 0.5411432385444641, -0.5402726531028748, -0.5584732890129089, -1.4611563682556152, -0.47090065479278564, -0.4373193383216858, 0.3521155118942261, -1.4601763486862183, 0.48757272958755493, -0.5099247694015503, -0.4606800973415375, -1.4601765871047974, 1.4548883438110352, 1.4596410989761353, -1.4596631526947021, -1.457716703414917, -0.4582081437110901, -0.4623243510723114, 0.8736073970794678, 0.46025869250297546, 0.4485015273094177, 1.4598032236099243, 0.5274798274040222]
0.3083755559036178;9.789928436279297;[0.5293490290641785, 0.5311554074287415, -0.5302765369415283, -0.548713743686676, -1.4711652994155884, -0.4809805750846863, -0.4470079243183136, 0.359195351600647, -1.4701780080795288, 0.49768224358558655, -0.4998210668563843, -0.4706854224205017, -1.470178246498108, 1.4648327827453613, 1.469636082649231, -1.4696582555770874, -1.4676923751831055, -0.4681893587112427, -0.4723442494869232, 0.8771162629127502, 0.47026005387306213, 0.4583664834499359, 1.4698010683059692, 0.517392098903656]
0.312306765119932;9.883075714111328;[0.5193445682525635, 0.5211672186851501, -0.5202799439430237, -0.538941502571106, -1.4811737537384033, -0.49105387926101685, -0.45671209692955017, 0.3663225769996643, -1.4801796674728394, 0.5077762007713318, -0.4897337853908539, -0.4806903600692749, -1.4801799058914185, 1.4747816324234009, 1.4796313047409058, -1.4796538352966309, -1.4776703119277954, -0.47817185521125793, -0.4823628067970276, 0.8806853890419006, 0.48026132583618164, 0.4682391583919525, 1.4797991514205933, 0.5073116421699524]
0.31609972710256024;9.976247787475586;[0.5093406438827515, 0.5111775398254395, -0.5102831125259399, -0.5291513204574585, -1.4911812543869019, -0.5011174082756042, -0.4664379060268402, 0.3735275864601135, -1.49018132686615, 0.5178471207618713, -0.479671835899353, -0.49069464206695557, -1.490181565284729, 1.484735369682312, 1.4896272420883179, -1.489650011062622, -1.4876501560211182, -0.48815613985061646, -0.4923793077468872, 0.884259045124054, 0.4902624785900116, 0.47812291979789734, 1.4897981882095337, 0.4972427189350128]
0.3197558957826307;10.069421768188477;[0.49933674931526184, 0.5011873841285706, -0.5002861618995667, -0.5193554162979126, -1.5011879205703735, -0.5111779570579529, -0.47617125511169434, 0.3807501196861267, -1.5001829862594604, 0.5279126763343811, -0.46961545944213867, -0.5006988048553467, -1.5001832246780396, 1.4946893453598022, 1.49962317943573, -1.4996459484100342, -1.4976305961608887, -0.4981409013271332, -0.5023952722549438, 0.8879276514053345, 0.5002634525299072, 0.4880104064941406, 1.4997963905334473, 0.4871767461299896]
0.32327642017406166;10.162607192993164;[0.4893333315849304, 0.4911959767341614, -0.4902888834476471, -0.5095416903495789, -1.511193871498108, -0.5212287902832031, -0.48592618107795715, 0.38805529475212097, -1.510184645652771, 0.5379544496536255, -0.4595842957496643, -0.5107022523880005, -1.51018488407135, 1.50464928150177, 1.5096195936203003, -1.5096427202224731, -1.5076133012771606, -0.5081275701522827, -0.5124090313911438, 0.8915814757347107, 0.5102649331092834, 0.49790871143341064, 1.5097953081130981, 0.47712188959121704]
0.32666294513367217;10.255807876586914;[0.4793299436569214, 0.4812045395374298, -0.48029154539108276, -0.4997250437736511, -1.521200180053711, -0.5312787890434265, -0.49568498134613037, 0.3953649699687958, -1.5201863050460815, 0.5479949712753296, -0.44955384731292725, -0.5207059383392334, -1.5201865434646606, 1.5146101713180542, 1.5196161270141602, -1.5196396112442017, -1.5175963640213013, -0.5181143879890442, -0.5224226713180542, 0.8953406810760498, 0.5202664136886597, 0.5078089237213135, 1.5197950601577759, 0.4670681953430176]
0.3299168579133808;10.349016189575195;[0.46932676434516907, 0.4712124168872833, -0.47029396891593933, -0.48989877104759216, -1.531205415725708, -0.5413234233856201, -0.5054559111595154, 0.40271806716918945, -1.530187964439392, 0.5580238699913025, -0.43953603506088257, -0.5307090282440186, -1.5301882028579712, 1.5245733261108398, 1.5296130180358887, -1.5296367406845093, -1.5275806188583374, -0.5281020402908325, -0.5324349999427795, 0.8991353511810303, 0.5302678346633911, 0.5177152156829834, 1.5297943353652954, 0.45702046155929565]
0.3330400423281077;10.442230224609375;[0.4593239724636078, 0.4612196087837219, -0.46029624342918396, -0.48006144165992737, -1.5412112474441528, -0.5513622760772705, -0.5152404308319092, 0.4101225435733795, -1.5401896238327026, 0.5680396556854248, -0.429532527923584, -0.5407121181488037, -1.5401898622512817, 1.534539818763733, 1.539610505104065, -1.5396345853805542, -1.5375666618347168, -0.5380910634994507, -0.542446494102478, 0.9029491543769836, 0.5402693748474121, 0.5276277661323547, 1.539794921875, 0.4469793140888214]
0.33603414501266243;10.53546142578125;[0.44932103157043457, 0.4512266516685486, -0.4502984285354614, -0.4702221751213074, -1.55121648311615, -0.5614007115364075, -0.5250271558761597, 0.41752973198890686, -1.5501912832260132, 0.5780553817749023, -0.4195289611816406, -0.5507151484489441, -1.5501915216445923, 1.5445066690444946, 1.5496076345443726, -1.5496318340301514, -1.5475523471832275, -0.5480799078941345, -0.5524575114250183, 0.9068522453308105, 0.550270676612854, 0.5375417470932007, 1.5497946739196777, 0.43693870306015015]
0.3389011499908546;10.628686904907227;[0.4393186569213867, 0.44123274087905884, -0.44030025601387024, -0.460366427898407, -1.5612207651138306, -0.5714300870895386, -0.5348340272903442, 0.4250214695930481, -1.5601929426193237, 0.5880491137504578, -0.4095490872859955, -0.5607176423072815, -1.5601931810379028, 1.5544779300689697, 1.559605360031128, -1.5596296787261963, -1.5575404167175293, -0.5580704808235168, -0.5624664425849915, 0.9107108116149902, 0.5602719187736511, 0.5474656820297241, 1.5597949028015137, 0.4269082844257355]
0.34164295509391257;10.721927642822266;[0.4293162524700165, 0.4312385618686676, -0.4303020238876343, -0.4505079686641693, -1.5712250471115112, -0.5814583897590637, -0.5446444153785706, 0.43252265453338623, -1.5701946020126343, 0.5980414152145386, -0.39957067370414734, -0.5707200765609741, -1.5701948404312134, 1.5644501447677612, 1.5696030855178833, -1.5696278810501099, -1.5675287246704102, -0.5680612325668335, -0.5724753141403198, 0.914638876914978, 0.5702731609344482, 0.5573912858963013, 1.5697951316833496, 0.4168790578842163]
0.34426161619911577;10.815183639526367;[0.4193139374256134, 0.42124447226524353, -0.4203038215637207, -0.44064903259277344, -1.581229329109192, -0.5914869904518127, -0.5544553995132446, 0.4400211572647095, -1.5801962614059448, 0.6080355644226074, -0.3895900547504425, -0.5807226300239563, -1.580196499824524, 1.5744216442108154, 1.5796006917953491, -1.5796254873275757, -1.577517032623291, -0.5780522227287292, -0.5824841856956482, 0.9186510443687439, 0.5802744626998901, 0.5673168301582336, 1.5797957181930542, 0.40684932470321655]
0.3467591896402811;10.908445358276367;[0.40931180119514465, 0.41124972701072693, -0.4103054106235504, -0.4307806193828583, -1.5912333726882935, -0.6015107035636902, -0.5642781257629395, 0.44756802916526794, -1.5901979207992554, 0.6180177927017212, -0.37962210178375244, -0.5907247066497803, -1.5901981592178345, 1.5843963623046875, 1.589599370956421, -1.5896246433258057, -1.5875064134597778, -0.5880439281463623, -0.5924921631813049, 0.9226637482643127, 0.5902758836746216, 0.5772480964660645, 1.5897966623306274, 0.39682549238204956]
0.34913804754287986;11.001703262329102;[0.39931002259254456, 0.40125441551208496, -0.4003068804740906, -0.4209010601043701, -1.6012369394302368, -0.611528217792511, -0.5741146802902222, 0.45517387986183167, -1.600199580192566, 0.6279855370521545, -0.3696698248386383, -0.6007265448570251, -1.600199818611145, 1.594373106956482, 1.599597454071045, -1.5996227264404297, -1.5974974632263184, -0.5980368852615356, -0.6024985313415527, 0.9266534447669983, 0.6002770066261292, 0.5871865153312683, 1.5997974872589111, 0.38680845499038696]
0.35139997499880915;11.094976425170898;[0.3893081545829773, 0.3912591338157654, -0.39030835032463074, -0.4110243022441864, -1.6112403869628906, -0.6215477585792542, -0.5839481353759766, 0.4627609848976135, -1.6102012395858765, 0.6379591822624207, -0.35971081256866455, -0.6107285618782043, -1.6102014780044556, 1.6043497323989868, 1.6095954179763794, -1.6096208095550537, -1.607487440109253, -0.6080295443534851, -0.6125052571296692, 0.9307394027709961, 0.6102781295776367, 0.5971229672431946, 1.6097980737686157, 0.3767891824245453]
0.353547429495479;11.18825912475586;[0.37930649518966675, 0.38126376271247864, -0.38030973076820374, -0.4011426866054535, -1.6212434768676758, -0.6315646767616272, -0.5937872529029846, 0.47037142515182495, -1.620202898979187, 0.64792799949646, -0.3497569262981415, -0.6207302808761597, -1.6202031373977661, 1.6143274307250977, 1.6195940971374512, -1.6196194887161255, -1.617478609085083, -0.6180225610733032, -0.6225118041038513, 0.9348524808883667, 0.6202794313430786, 0.6070621013641357, 1.619799256324768, 0.3667724132537842]
0.3555827127070968;11.28154182434082;[0.36930492520332336, 0.37126776576042175, -0.3703109622001648, -0.3912535011768341, -1.6312463283538818, -0.641578197479248, -0.6036359667778015, 0.47802338004112244, -1.6302045583724976, 0.6578872203826904, -0.3398135304450989, -0.6307317614555359, -1.6302047967910767, 1.6243067979812622, 1.629593014717102, -1.6296186447143555, -1.6274704933166504, -0.6280162930488586, -0.6325175762176514, 0.9389609098434448, 0.6302807331085205, 0.6170063018798828, 1.62980055809021, 0.35676029324531555]
0.35750799979683967;11.374834060668945;[0.3593033254146576, 0.361271470785141, -0.3603120744228363, -0.3813610374927521, -1.6412489414215088, -0.6515896320343018, -0.6134889125823975, 0.4856922924518585, -1.640206217765808, 0.6678428649902344, -0.32987329363822937, -0.6407330632209778, -1.6402064561843872, 1.6342880725860596, 1.6395926475524902, -1.6396187543869019, -1.6374627351760864, -0.6380103826522827, -0.6425227522850037, 0.9430999159812927, 0.6402822136878967, 0.6269522905349731, 1.6398019790649414, 0.3467499017715454]
0.35932568668516846;11.46812629699707;[0.34930193424224854, 0.3512748181819916, -0.35031309723854065, -0.37146279215812683, -1.6512513160705566, -0.6615985035896301, -0.6233489513397217, 0.49339166283607483, -1.6502078771591187, 0.6777922511100769, -0.3199404180049896, -0.6507342457771301, -1.6502081155776978, 1.6442707777023315, 1.6495921611785889, -1.6496185064315796, -1.6474556922912598, -0.648004949092865, -0.6525272130966187, 0.9472436904907227, 0.6502835154533386, 0.6369022130966187, 1.6498031616210938, 0.3367428779602051]
0.36111240479392437;11.561573028564453;[0.33931872248649597, 0.34130433201789856, -0.34024184942245483, -0.36152493953704834, -1.6617618799209595, -0.6716511845588684, -0.6331691145896912, 0.5011183023452759, -1.6602095365524292, 0.6876077055931091, -0.31002193689346313, -0.6607339978218079, -1.6602097749710083, 1.6542326211929321, 1.6595923900604248, -1.6596192121505737, -1.6578567028045654, -0.6579792499542236, -0.6625339388847351, 0.9513963460922241, 0.660291314125061, 0.646838366985321, 1.6598042249679565, 0.32673999667167664]
0.3628963120828114;11.655210494995117;[0.3293600082397461, 0.3313711881637573, -0.33007070422172546, -0.3515448272228241, -1.6729627847671509, -0.6817715764045715, -0.6429177522659302, 0.5088099837303162, -1.6702111959457397, 0.6972543001174927, -0.30010363459587097, -0.6707315444946289, -1.6702114343643188, 1.6641631126403809, 1.6695947647094727, -1.6696221828460693, -1.6688123941421509, -0.6679239869117737, -0.6725448966026306, 0.9556553363800049, 0.6703095436096191, 0.6567481160163879, 1.6698050498962402, 0.3167349100112915]
0.36457591335232153;11.748832702636719;[0.31939780712127686, 0.32143113017082214, -0.31991586089134216, -0.3413587510585785, -1.6840306520462036, -0.6918740272521973, -0.6526920199394226, 0.5165804624557495, -1.6802128553390503, 0.7069082260131836, -0.29020416736602783, -0.6807252168655396, -1.6802130937576294, 1.6741034984588623, 1.6795976161956787, -1.6796306371688843, -1.679666519165039, -0.6778744459152222, -0.6825538277626038, 0.9598366022109985, 0.680324912071228, 0.6666700839996338, 1.679805874824524, 0.306548535823822]
0.3661990801001196;11.842489242553711;[0.3094318211078644, 0.31148630380630493, -0.3097763657569885, -0.3303840458393097, -1.6949812173843384, -0.7019727826118469, -0.6624593138694763, 0.5242980122566223, -1.6902145147323608, 0.716596782207489, -0.2802870571613312, -0.6907045245170593, -1.69021475315094, 1.6840510368347168, 1.6895999908447266, -1.6896607875823975, -1.6904292106628418, -0.6878284811973572, -0.6925638914108276, 0.9641429781913757, 0.6903385519981384, 0.6765897274017334, 1.6898072957992554, 0.2955925464630127]
0.3676992401447157;11.936126708984375;[0.29946303367614746, 0.3015352785587311, -0.2996502220630646, -0.3195013999938965, -1.7058285474777222, -0.7120524048805237, -0.6722579598426819, 0.532120943069458, -1.7002161741256714, 0.7262831926345825, -0.27039629220962524, -0.7006853818893433, -1.7002164125442505, 1.6940075159072876, 1.6996018886566162, -1.6996876001358032, -1.7011128664016724, -0.6977881193161011, -0.7025713324546814, 0.9683264493942261, 0.7003520131111145, 0.6865240335464478, 1.699808955192566, 0.28474563360214233]
0.3690805506330159;12.029764175415039;[0.28949087858200073, 0.2915807068347931, -0.2895364761352539, -0.30873140692710876, -1.7165871858596802, -0.7221311926841736, -0.6820506453514099, 0.5398766398429871, -1.710217833518982, 0.7360091209411621, -0.2604849338531494, -0.7106683850288391, -1.710218071937561, 1.7039638757705688, 1.709604263305664, -1.7097136974334717, -1.711723804473877, -0.7077502608299255, -0.7125795483589172, 0.9726492762565613, 0.7103645205497742, 0.6964540481567383, 1.7098100185394287, 0.27398204803466797]
0.3703493559877879;12.12338638305664;[0.27951616048812866, 0.2816215455532074, -0.2794337868690491, -0.2980438470840454, -1.7272652387619019, -0.7321985363960266, -0.6918595433235168, 0.5476751327514648, -1.7202194929122925, 0.7457441091537476, -0.25058290362358093, -0.7206527590751648, -1.7202197313308716, 1.7139242887496948, 1.719606876373291, -1.71973717212677, -1.7222719192504883, -0.7177163362503052, -0.722586452960968, 0.97693932056427, 0.7203752994537354, 0.7063911557197571, 1.7198113203048706, 0.2633031904697418]
0.37151039154000437;12.216999053955078;[0.2695390284061432, 0.2716585397720337, -0.26934099197387695, -0.28743335604667664, -1.7378727197647095, -0.7422583103179932, -0.7016785144805908, 0.5554867386817932, -1.730221152305603, 0.7554947137832642, -0.24068236351013184, -0.7306386232376099, -1.7302213907241821, 1.7238881587982178, 1.7296090126037598, -1.7297579050064087, -1.7327635288238525, -0.7276853919029236, -0.7325928211212158, 0.9812432527542114, 0.7303840517997742, 0.7163316011428833, 1.729812741279602, 0.25269651412963867]
0.37256827226895545;12.310606002807617;[0.259559690952301, 0.2616922855377197, -0.25925716757774353, -0.2768912613391876, -1.7484177350997925, -0.7523110508918762, -0.7115060687065125, 0.5633093118667603, -1.7402228116989136, 0.7652599215507507, -0.2307829111814499, -0.74062579870224, -1.7402230501174927, 1.73385488986969, 1.7396109104156494, -1.7397758960723877, -1.743204951286316, -0.7376571893692017, -0.7425981760025024, 0.985560417175293, 0.7403917908668518, 0.7262751460075378, 1.7398141622543335, 0.24215389788150787]
0.3735271800611664;12.404207229614258;[0.24957826733589172, 0.25172311067581177, -0.24918153882026672, -0.266411155462265, -1.758906602859497, -0.7623584866523743, -0.721339762210846, 0.5711346864700317, -1.7502244710922241, 0.77503901720047, -0.22088247537612915, -0.7506144046783447, -1.7502247095108032, 1.7438238859176636, 1.7496132850646973, -1.7497919797897339, -1.7536016702651978, -0.7476313710212708, -0.7526035904884338, 0.9899006485939026, 0.7503994107246399, 0.7362207770347595, 1.749815583229065, 0.23166745901107788]
0.3743912806216977;12.497804641723633;[0.2395952343940735, 0.24175086617469788, -0.23911306262016296, -0.25598257780075073, -1.7693452835083008, -0.7723990678787231, -0.7311843037605286, 0.5789861679077148, -1.7602261304855347, 0.7848259806632996, -0.21098753809928894, -0.7606039643287659, -1.7602263689041138, 1.7537962198257446, 1.759615182876587, -1.759806752204895, -1.7639588117599487, -0.7576082944869995, -0.762607991695404, 0.9942280054092407, 0.7604069113731384, 0.7461709976196289, 1.7598170042037964, 0.22123342752456665]
0.3751643009806092;12.59139633178711;[0.22961056232452393, 0.23177611827850342, -0.2290511429309845, -0.24560265243053436, -1.7797404527664185, -0.7824349999427795, -0.7410345077514648, 0.5868428945541382, -1.7702277898788452, 0.7946237921714783, -0.20109233260154724, -0.7705944180488586, -1.7702280282974243, 1.7637697458267212, 1.7696168422698975, -1.7698209285736084, -1.774280071258545, -0.7675869464874268, -0.7726120948791504, 0.9985724091529846, 0.7704141736030579, 0.7561230063438416, 1.7698184251785278, 0.21084417402744293]
0.3758499272084738;12.684978485107422;[0.21962468326091766, 0.221798837184906, -0.21899515390396118, -0.23526139557361603, -1.7900959253311157, -0.7924637794494629, -0.7508959770202637, 0.5947357416152954, -1.7802294492721558, 0.8044243454933167, -0.1912054717540741, -0.780585527420044, -1.7802296876907349, 1.7737466096878052, 1.779618501663208, -1.7798340320587158, -1.784569501876831, -0.7775681614875793, -0.7826152443885803, 1.002884864807129, 0.7804208397865295, 0.7660804390907288, 1.7798199653625488, 0.20049819350242615]
0.3764510689722478;12.778560638427734;[0.20963725447654724, 0.21181945502758026, -0.20894449949264526, -0.22496022284030914, -1.8004157543182373, -0.8024894595146179, -0.7607605457305908, 0.6026254296302795, -1.7902311086654663, 0.814236581325531, -0.1813162863254547, -0.7905779480934143, -1.7902313470840454, 1.7837249040603638, 1.789620280265808, -1.7898473739624023, -1.7948302030563354, -0.7875508666038513, -0.7926186323165894, 1.0072261095046997, 0.7904268503189087, 0.7760385870933533, 1.7898216247558594, 0.19018720090389252]
0.3769700765616126;12.872142791748047;[0.19964827597141266, 0.2018391191959381, -0.19889898598194122, -0.2147047519683838, -1.810704231262207, -0.8125184178352356, -0.77061527967453, 0.6104490756988525, -1.8002327680587769, 0.8240746855735779, -0.17140834033489227, -0.8005710244178772, -1.800233006477356, 1.7937012910842896, 1.799621820449829, -1.799857497215271, -1.8050639629364014, -0.7975338697433472, -0.8026231527328491, 1.0116857290267944, 0.8004319667816162, 0.7859908938407898, 1.79982328414917, 0.1799011528491974]
0.3774116466961687;12.96573257446289;[0.18965855240821838, 0.1918562352657318, -0.18885762989521027, -0.20446905493736267, -1.8209636211395264, -0.822537362575531, -0.7804888486862183, 0.6183505058288574, -1.8102344274520874, 0.8339019417762756, -0.16151998937129974, -0.8105644583702087, -1.8102346658706665, 1.8036830425262451, 1.8096234798431396, -1.8098678588867188, -1.8152753114700317, -0.8075193762779236, -0.8126260042190552, 1.016048789024353, 0.810435950756073, 0.7959528565406799, 1.8098249435424805, 0.16965150833129883]
0.3777778335158965;13.059307098388672;[0.1796678751707077, 0.18187183141708374, -0.17882023751735687, -0.1942613273859024, -1.8311975002288818, -0.8325530886650085, -0.7903661131858826, 0.626255452632904, -1.820236086845398, 0.8437366485595703, -0.15163138508796692, -0.8205583095550537, -1.820236325263977, 1.8136650323867798, 1.8196251392364502, -1.8198764324188232, -1.8254657983779907, -0.8175063729286194, -0.8226282596588135, 1.0204250812530518, 0.8204389214515686, 0.8059158325195312, 1.819826602935791, 0.15942764282226562]
0.3780711953815623;13.152883529663086;[0.16967621445655823, 0.171886146068573, -0.16878654062747955, -0.1840800642967224, -1.8414082527160645, -0.8425671458244324, -0.8002445697784424, 0.6341552138328552, -1.8302377462387085, 0.853579580783844, -0.14174054563045502, -0.8305529952049255, -1.8302379846572876, 1.8236480951309204, 1.829626441001892, -1.8298836946487427, -1.8356372117996216, -0.8274944424629211, -0.8326309323310852, 1.024825096130371, 0.8304414749145508, 0.8158788084983826, 1.8298280239105225, 0.14922617375850677]
0.3782943674999345;13.246454238891602;[0.15968374907970428, 0.16189934313297272, -0.15875603258609772, -0.17392218112945557, -1.8515985012054443, -0.8525795340538025, -0.8101252913475037, 0.6420523524284363, -1.840239405632019, 0.8634300231933594, -0.1318480670452118, -0.8405482769012451, -1.8402396440505981, 1.8336315155029297, 1.8396278619766235, -1.839889645576477, -1.8457913398742676, -0.8374831080436707, -0.8426334857940674, 1.0292456150054932, 0.8404433727264404, 0.825842559337616, 1.8398295640945435, 0.13904504477977753]
0.37845027341281323;13.340030670166016;[0.14969058334827423, 0.15191110968589783, -0.14872844517230988, -0.16378121078014374, -1.8617700338363647, -0.862587571144104, -0.8200134038925171, 0.6499742865562439, -1.8502410650253296, 0.8732799887657166, -0.12196144461631775, -0.8505440950393677, -1.8502413034439087, 1.8436167240142822, 1.8496291637420654, -1.8498954772949219, -1.855931043624878, -0.8474729657173157, -0.8526350259780884, 1.0336424112319946, 0.8504451513290405, 0.8358092308044434, 1.849831223487854, 0.1288849264383316]
0.3785409563425402;13.433601379394531;[0.13969683647155762, 0.14192195236682892, -0.13870348036289215, -0.15365979075431824, -1.8719249963760376, -0.8725943565368652, -0.8299022316932678, 0.6578915119171143, -1.8602427244186401, 0.8831369280815125, -0.11207255721092224, -0.8605401515960693, -1.8602429628372192, 1.8536016941070557, 1.8596304655075073, -1.859899878501892, -1.8660569190979004, -0.8574637174606323, -0.8626365661621094, 1.0380620956420898, 0.8604468107223511, 0.8457763195037842, 1.8598328828811646, 0.11874076724052429]
0.37856896436337345;13.527170181274414;[0.12970246374607086, 0.1319316327571869, -0.12868088483810425, -0.143551766872406, -1.8820645809173584, -0.8825979828834534, -0.8397971987724304, 0.6658303737640381, -1.8702443838119507, 0.8929930329322815, -0.10218892991542816, -0.8705365061759949, -1.8702446222305298, 1.863588809967041, 1.8696315288543701, -1.8699042797088623, -1.8761706352233887, -0.8674557209014893, -0.8726376295089722, 1.0424600839614868, 0.8704484701156616, 0.8557459712028503, 1.869834542274475, 0.10861381143331528]
0.3785362221421288;13.620737075805664;[0.11970746517181396, 0.12194059789180756, -0.11866048723459244, -0.13345977663993835, -1.8921910524368286, -0.8926008343696594, -0.8496923446655273, 0.6737630367279053, -1.8802460432052612, 0.9028549194335938, -0.09230299293994904, -0.8805330991744995, -1.8802462816238403, 1.87357759475708, 1.8796322345733643, -1.8799084424972534, -1.8862730264663696, -0.877447783946991, -0.8826386332511902, 1.0468791723251343, 0.8804501295089722, 0.865715503692627, 1.8798362016677856, 0.09849973022937775]
0.378445332015696;13.714303970336914;[0.1097121462225914, 0.11194862425327301, -0.10864199697971344, -0.12337835878133774, -1.902305006980896, -0.9026003479957581, -0.8595932126045227, 0.6817164421081543, -1.8902477025985718, 0.9127161502838135, -0.08242176473140717, -0.8905301690101624, -1.8902479410171509, 1.8835663795471191, 1.8896336555480957, -1.8899115324020386, -1.8963656425476074, -0.8874408602714539, -0.8926396369934082, 1.0512810945510864, 0.8904517889022827, 0.8756874203681946, 1.8898378610610962, 0.08839976042509079]
0.37829736243998874;13.807880401611328;[0.09971614181995392, 0.10195652395486832, -0.09862545132637024, -0.11331631988286972, -1.9124082326889038, -0.912603497505188, -0.8694854378700256, 0.689622700214386, -1.9002493619918823, 0.9225925803184509, -0.07252755016088486, -0.9005275368690491, -1.9002496004104614, 1.8935531377792358, 1.899634838104248, -1.8999143838882446, -1.906448483467102, -0.8974337577819824, -0.9026416540145874, 1.0557646751403809, 0.9004534482955933, 0.885654866695404, 1.8998395204544067, 0.07830609381198883]
0.3780955246897936;13.901449203491211;[0.08971984684467316, 0.09196329861879349, -0.08861038088798523, -0.10325955599546432, -1.9225012063980103, -0.9226020574569702, -0.8793874979019165, 0.6975676417350769, -1.9102510213851929, 0.9324623942375183, -0.06264303624629974, -0.9105250835418701, -1.910251259803772, 1.903542399406433, 1.90963613986969, -1.909916877746582, -1.916524052619934, -0.9074279069900513, -0.9126429557800293, 1.0601999759674072, 0.9104551076889038, 0.8956264853477478, 1.9098411798477173, 0.06822609156370163]
0.3778415941551351;13.995012283325195;[0.0797233060002327, 0.08196930587291718, -0.07859668135643005, -0.09320957213640213, -1.93258535861969, -0.9325974583625793, -0.889294445514679, 0.7055336833000183, -1.9202526807785034, 0.9423302412033081, -0.052763696759939194, -0.9205225706100464, -1.9202529191970825, 1.913533091545105, 1.9196367263793945, -1.9199198484420776, -1.9265923500061035, -0.9174225330352783, -0.9226434230804443, 1.0646119117736816, 0.9204567670822144, 0.9056006669998169, 1.9198428392410278, 0.05815710872411728]
0.37753680919594074;14.088579177856445;[0.06972633302211761, 0.07197501510381699, -0.06858432292938232, -0.08317127823829651, -1.9426616430282593, -0.9425938725471497, -0.8991990089416504, 0.7134827971458435, -1.930254340171814, 0.9522053003311157, -0.042879242449998856, -0.9305206537246704, -1.930254578590393, 1.9235236644744873, 1.9296379089355469, -1.9299222230911255, -1.9366536140441895, -0.9274175763130188, -0.9326441287994385, 1.069059133529663, 0.9304583668708801, 0.9155738353729248, 1.9298444986343384, 0.048094384372234344]
0.3771832477228183;14.182149887084961;[0.05972909554839134, 0.061980366706848145, -0.05857320874929428, -0.07314179092645645, -1.9527302980422974, -0.9525899887084961, -0.9091033935546875, 0.7214277386665344, -1.9402559995651245, 0.9620835185050964, -0.032993193715810776, -0.9405190348625183, -1.9402562379837036, 1.9335144758224487, 1.9396393299102783, -1.9399242401123047, -1.9467085599899292, -0.9374125599861145, -0.9426446557044983, 1.0735219717025757, 0.9404599666595459, 0.925546407699585, 1.939846158027649, 0.038038451224565506]
0.37678343854549945;14.275711059570312;[0.0497317761182785, 0.051984772086143494, -0.04856298863887787, -0.06311262398958206, -1.962792158126831, -0.9625809788703918, -0.9190186858177185, 0.7294189929962158, -1.950257658958435, 0.9719525575637817, -0.02311917394399643, -0.9505167603492737, -1.9502578973770142, 1.943507432937622, 1.9496397972106934, -1.9499268531799316, -1.9567594528198242, -0.94740891456604, -0.9526445269584656, 1.077920913696289, 0.9504615068435669, 0.9355245232582092, 1.9498478174209595, 0.027993710711598396]
0.376337245862809;14.369285583496094;[0.0397338792681694, 0.041989635676145554, -0.038554009050130844, -0.05310080572962761, -1.9728480577468872, -0.9725784063339233, -0.9289195537567139, 0.7373389005661011, -1.9602593183517456, 0.9818417429924011, -0.013225927948951721, -0.960515022277832, -1.9602595567703247, 1.953497290611267, 1.9596401453018188, -1.95992910861969, -1.9668036699295044, -0.9574044942855835, -0.9626457691192627, 1.0824353694915771, 0.9604629278182983, 0.9454952478408813, 1.95984947681427, 0.017947768792510033]
0.37584808548585724;14.462854385375977;[0.02973588928580284, 0.03199382498860359, -0.028545796871185303, -0.04309055209159851, -1.9828993082046509, -0.9825722575187683, -0.9388270974159241, 0.7452889680862427, -1.9702609777450562, 0.9917251467704773, -0.0033401597756892443, -0.9705137014389038, -1.9702612161636353, 1.9634886980056763, 1.9696409702301025, -1.9699312448501587, -1.976844310760498, -0.967400848865509, -0.9726462364196777, 1.0869120359420776, 0.9704643487930298, 0.955469012260437, 1.9698511362075806, 0.007910097017884254]
0.37531745019545265;14.556417465209961;[0.019737865775823593, 0.021997293457388878, -0.018538260832428932, -0.03308015689253807, -1.9929441213607788, -0.9925621151924133, -0.9487428069114685, 0.7532758116722107, -1.9802626371383667, 1.0016008615493774, 0.006536026485264301, -0.9805119633674622, -1.9802628755569458, 1.9734820127487183, 1.9796416759490967, -1.9799336194992065, -1.9868814945220947, -0.9773980975151062, -0.9826460480690002, 1.0913379192352295, 0.9804656505584717, 0.9654468297958374, 1.9798527956008911, -0.0021190650295466185]
0.3747459663498749;14.64999008178711;[0.009739520028233528, 0.012000853195786476, -0.008531548082828522, -0.023079516366124153, -2.0029847621917725, -1.0025545358657837, -0.9586524367332458, 0.7612307071685791, -1.9902642965316772, 1.0114858150482178, 0.016421200707554817, -0.9905107617378235, -1.9902645349502563, 1.9834747314453125, 1.9896430969238281, -1.9899353981018066, -1.996914029121399, -0.9873945713043213, -0.9926462173461914, 1.0958212614059448, 0.9904672503471375, 0.9754215478897095, 1.9898544549942017, -0.012147138826549053]
0.37413597834485585;14.743553161621094;[-0.0002588995557744056, 0.0020039351657032967, 0.0014745835214853287, -0.013080109842121601, -2.013021945953369, -1.0125446319580078, -0.9685671329498291, 0.7692071795463562, -2.000265598297119, 1.021367073059082, 0.0263009425252676, -1.0005093812942505, -2.0002658367156982, 1.9934680461883545, 1.9996439218521118, -1.9999374151229858, -2.0069429874420166, -0.9973918795585632, -1.0026462078094482, 1.1002767086029053, 1.0004687309265137, 0.985398530960083, 1.9998561143875122, -0.022169161587953568]
0.3734882957512193;14.83706283569336;[-0.010257553309202194, -0.007993020117282867, 0.011480064131319523, -0.0030871403869241476, -2.0230565071105957, -1.022536039352417, -0.9784788489341736, 0.7771669030189514, -2.0102553367614746, 1.0312542915344238, 0.03618519753217697, -1.0105085372924805, -2.0102555751800537, 2.003460645675659, 2.009641647338867, -2.0099375247955322, -2.0169694423675537, -1.007388710975647, -1.0126464366912842, 1.1047621965408325, 1.0104703903198242, 0.9953739643096924, 2.0098509788513184, -0.032189249992370605]
0.37280523724526005;14.930562973022461;[-0.02025623247027397, -0.017990458756685257, 0.0214851014316082, 0.006906027439981699, -2.033088445663452, -1.032524585723877, -0.9883962273597717, 0.7851524949073792, -2.02024507522583, 1.0411360263824463, 0.046062909066677094, -1.020507574081421, -2.020245313644409, 2.0134544372558594, 2.019639015197754, -2.019937753677368, -2.026994466781616, -1.0173860788345337, -1.0226460695266724, 1.109212875366211, 1.0204720497131348, 1.0053519010543823, 2.019845962524414, -0.04220360890030861]
0.3720872162661025;15.024066925048828;[-0.03025517798960209, -0.027987712994217873, 0.031489551067352295, 0.016891049221158028, -2.0431175231933594, -1.0425163507461548, -0.9983069896697998, 0.7931054830551147, -2.0302348136901855, 1.0510274171829224, 0.05594955384731293, -1.0305073261260986, -2.0302350521087646, 2.023446559906006, 2.029635429382324, -2.0299367904663086, -2.0370171070098877, -1.0273833274841309, -1.0326462984085083, 1.1137195825576782, 1.0304737091064453, 1.0153268575668335, 2.029839515686035, -0.05221833288669586]
0.37133668408458104;15.117574691772461;[-0.04025397077202797, -0.03798574581742287, 0.0414937362074852, 0.026881204918026924, -2.053142547607422, -1.052501916885376, -1.008230209350586, 0.801112711429596, -2.040224552154541, 1.0609053373336792, 0.06582202017307281, -1.0405064821243286, -2.04022479057312, 2.033442497253418, 2.039632797241211, -2.0399365425109863, -2.047037363052368, -1.0373814105987549, -1.0426453351974487, 1.118146538734436, 1.0404753684997559, 1.0253081321716309, 2.0398342609405518, -0.06222505494952202]
0.3705533324393934;15.211074829101562;[-0.05025315284729004, -0.04798319935798645, 0.051497336477041245, 0.036859333515167236, -2.0631651878356934, -1.0624934434890747, -1.0181396007537842, 0.8090568780899048, -2.0502142906188965, 1.0707998275756836, 0.07571126520633698, -1.0505058765411377, -2.0502145290374756, 2.0434350967407227, 2.0496299266815186, -2.0499353408813477, -2.057054281234741, -1.0473788976669312, -1.0526458024978638, 1.1226727962493896, 1.0504770278930664, 1.0352826118469238, 2.04982852935791, -0.07223565131425858]
0.369740157547033;15.304586410522461;[-0.06025223806500435, -0.057981353253126144, 0.06150074303150177, 0.04684238135814667, -2.073183298110962, -1.0724796056747437, -1.028059720993042, 0.8170506358146667, -2.060204029083252, 1.0806832313537598, 0.08558769524097443, -1.0605056285858154, -2.060204267501831, 2.0534298419952393, 2.0596261024475098, -2.0599348545074463, -2.067070484161377, -1.057376742362976, -1.0626451969146729, 1.127129077911377, 1.060478687286377, 1.0452624559402466, 2.0598227977752686, -0.08223923295736313]
0.3688977627616217;15.398088455200195;[-0.07025132328271866, -0.06797971576452255, 0.07150382548570633, 0.0568242110311985, -2.0831992626190186, -1.0824650526046753, -1.0379811525344849, 0.8250511884689331, -2.0701937675476074, 1.0905654430389404, 0.09546252340078354, -1.070504903793335, -2.0701940059661865, 2.063424587249756, 2.0696234703063965, -2.0699331760406494, -2.077085494995117, -1.0673754215240479, -1.0726449489593506, 1.1315780878067017, 1.0704803466796875, 1.0552431344985962, 2.0698180198669434, -0.09224022179841995]
0.36802656655576715;15.491600036621094;[-0.08025073260068893, -0.07797767221927643, 0.08150647580623627, 0.06679785996675491, -2.0932140350341797, -1.0924543142318726, -1.0478945970535278, 0.8330098986625671, -2.080183506011963, 1.100459098815918, 0.10534856468439102, -1.0805048942565918, -2.080183744430542, 2.073417901992798, 2.0796196460723877, -2.0799312591552734, -2.08709716796875, -1.0773731470108032, -1.082645058631897, 1.1360942125320435, 1.080482006072998, 1.0652185678482056, 2.0798118114471436, -0.10224363952875137]
0.3671294091757778;15.58509635925293;[-0.09024987369775772, -0.08797647804021835, 0.09150911122560501, 0.07677910476922989, -2.103226900100708, -1.1024384498596191, -1.0578210353851318, 0.8410316109657288, -2.0901732444763184, 1.1103367805480957, 0.11521807312965393, -1.0905038118362427, -2.0901734828948975, 2.0834145545959473, 2.0896177291870117, -2.0899300575256348, -2.097108840942383, -1.0873719453811646, -1.0926438570022583, 1.1405174732208252, 1.0904836654663086, 1.0752015113830566, 2.0898070335388184, -0.11223922669887543]
0.36620532637067954;15.678611755371094;[-0.10024940222501755, -0.09797447174787521, 0.10151124745607376, 0.08674779534339905, -2.113239049911499, -1.112428903579712, -1.067732334136963, 0.8489789366722107, -2.100162982940674, 1.1202336549758911, 0.12510719895362854, -1.1005032062530518, -2.100163221359253, 2.0934083461761475, 2.099614143371582, -2.0999279022216797, -2.1071176528930664, -1.09736967086792, -1.1026442050933838, 1.145056128501892, 1.1004853248596191, 1.0851765871047974, 2.099801778793335, -0.12224068492650986]
0.3652576626165379;15.772111892700195;[-0.11024878174066544, -0.1079731285572052, 0.11151337623596191, 0.09672239422798157, -2.1232526302337646, -1.1224145889282227, -1.0776543617248535, 0.8569778203964233, -2.1101527214050293, 1.1301192045211792, 0.13498330116271973, -1.1105035543441772, -2.1101529598236084, 2.103403329849243, 2.109610080718994, -2.1099255084991455, -2.117125988006592, -1.1073685884475708, -1.1126437187194824, 1.1495237350463867, 1.1104869842529297, 1.0951567888259888, 2.109795331954956, -0.13223592936992645]
0.36428616761218363;15.865619659423828;[-0.1202482283115387, -0.11797170341014862, 0.12151525914669037, 0.10669390112161636, -2.1332662105560303, -1.1324020624160767, -1.0875732898712158, 0.8649647235870361, -2.1201424598693848, 1.1400078535079956, 0.14486268162727356, -1.1205037832260132, -2.120142698287964, 2.113398790359497, 2.1196069717407227, -2.119922399520874, -2.127131938934326, -1.1173677444458008, -1.122643232345581, 1.154011607170105, 1.1204886436462402, 1.1051369905471802, 2.119788646697998, -0.14223116636276245]
0.36329227307844986;15.959123611450195;[-0.1302478015422821, -0.12797044217586517, 0.13151688873767853, 0.11666405946016312, -2.1432790756225586, -1.1423892974853516, -1.0974924564361572, 0.87295001745224, -2.1301321983337402, 1.1498970985412598, 0.15474240481853485, -1.1305040121078491, -2.1301324367523193, 2.1233935356140137, 2.129603147506714, -2.12992000579834, -2.137138605117798, -1.127366304397583, -1.1326428651809692, 1.158502459526062, 1.1304903030395508, 1.1151158809661865, 2.1297826766967773, -0.15222547948360443]
0.36227661799719235;16.05263328552246;[-0.14024734497070312, -0.13796910643577576, 0.14151844382286072, 0.1266326904296875, -2.1532890796661377, -1.1523762941360474, -1.1074111461639404, 0.8809318542480469, -2.1401219367980957, 1.1597867012023926, 0.1646229773759842, -1.1405032873153687, -2.140122175216675, 2.133389472961426, 2.1396005153656006, -2.1399176120758057, -2.1471447944641113, -1.1373647451400757, -1.142642617225647, 1.162999153137207, 1.1404919624328613, 1.125093936920166, 2.139777660369873, -0.16221915185451508]
0.36124063304834797;16.14613914489746;[-0.15024682879447937, -0.14796793460845947, 0.1515197902917862, 0.13660134375095367, -2.163299560546875, -1.1623624563217163, -1.1173315048217773, 0.8889209628105164, -2.150111675262451, 1.169675588607788, 0.1745019108057022, -1.1505029201507568, -2.1501119136810303, 2.143385410308838, 2.1495978832244873, -2.1499152183532715, -2.1571507453918457, -1.1473636627197266, -1.1526423692703247, 1.167487621307373, 1.1504936218261719, 1.1350734233856201, 2.1497724056243896, -0.17221134901046753]
0.3601857434172423;16.239639282226562;[-0.16024620831012726, -0.15796726942062378, 0.16152110695838928, 0.14657562971115112, -2.173307418823242, -1.1723443269729614, -1.1272614002227783, 0.8969537019729614, -2.1601014137268066, 1.1795531511306763, 0.1843693107366562, -1.1605019569396973, -2.1601016521453857, 2.1533827781677246, 2.1595962047576904, -2.159914016723633, -2.1671581268310547, -1.1573628187179565, -1.162640929222107, 1.1719114780426025, 1.1604952812194824, 1.1450567245483398, 2.1597681045532227, -0.18219837546348572]
0.3591108653941775;16.333154678344727;[-0.17024604976177216, -0.16796563565731049, 0.17152205109596252, 0.15653619170188904, -2.1833159923553467, -1.182334542274475, -1.1371738910675049, 0.904899001121521, -2.170091152191162, 1.1894530057907104, 0.19425971806049347, -1.1705015897750854, -2.170091390609741, 2.1633760929107666, 2.169593334197998, -2.1699113845825195, -2.1771626472473145, -1.1673604249954224, -1.1726410388946533, 1.176470398902893, 1.170496940612793, 1.1550309658050537, 2.16976261138916, -0.19219331443309784]
0.3580195787328866;16.426651000976562;[-0.1802455484867096, -0.17796508967876434, 0.18152323365211487, 0.16650930047035217, -2.1933228969573975, -1.1923158168792725, -1.1471049785614014, 0.9129346013069153, -2.1800808906555176, 1.199330449104309, 0.2041265368461609, -1.1805006265640259, -2.1800811290740967, 2.1733736991882324, 2.179591417312622, -2.1799099445343018, -2.1871683597564697, -1.177359700202942, -1.1826395988464355, 1.1808933019638062, 1.1804986000061035, 1.1650147438049316, 2.179758310317993, -0.20217876136302948]
0.3569101187242807;16.52016830444336;[-0.19024544954299927, -0.1879635751247406, 0.19152399897575378, 0.17646899819374084, -2.2033305168151855, -1.202305555343628, -1.1570186614990234, 0.9208839535713196, -2.190070629119873, 1.2092294692993164, 0.2140161246061325, -1.1905003786087036, -2.190070867538452, 2.1833672523498535, 2.1895883083343506, -2.1899070739746094, -2.197171211242676, -1.1873579025268555, -1.1926398277282715, 1.1854501962661743, 1.190500259399414, 1.1749897003173828, 2.1897525787353516, -0.21217209100723267]
0.35578536588300236;16.613672256469727;[-0.20024517178535461, -0.19796274602413177, 0.20152483880519867, 0.18643580377101898, -2.2133374214172363, -1.2122905254364014, -1.1669421195983887, 0.9288857579231262, -2.2000603675842285, 1.2191171646118164, 0.2238922417163849, -1.200500726699829, -2.2000606060028076, 2.193363904953003, 2.199584722518921, -2.1999034881591797, -2.2071735858917236, -1.1973570585250854, -1.2026393413543701, 1.1899309158325195, 1.2005019187927246, 1.1849703788757324, 2.1997461318969727, -0.22215981781482697]
0.3546455532022309;16.70717430114746;[-0.2102447748184204, -0.20796208083629608, 0.21152567863464355, 0.19640393555164337, -2.2233428955078125, -1.2222744226455688, -1.176867961883545, 0.9369004368782043, -2.210050106048584, 1.2290012836456299, 0.23376506567001343, -1.2105004787445068, -2.210050344467163, 2.2033610343933105, 2.2095823287963867, -2.2099010944366455, -2.2171764373779297, -1.2073566913604736, -1.2126386165618896, 1.194392204284668, 1.2105035781860352, 1.1949529647827148, 2.209740400314331, -0.23214580118656158]
0.3534907356808705;16.800687789916992;[-0.22024470567703247, -0.21796093881130219, 0.22152625024318695, 0.20636479556560516, -2.2333486080169678, -1.2322627305984497, -1.1867848634719849, 0.9448683857917786, -2.2200398445129395, 1.2388968467712402, 0.24364995956420898, -1.2205004692077637, -2.2200400829315186, 2.2133560180664062, 2.219578504562378, -2.219897508621216, -2.2271790504455566, -1.217355489730835, -1.2226386070251465, 1.1989257335662842, 1.2205052375793457, 1.2049304246902466, 2.2197346687316895, -0.24213600158691406]
0.3523228575774394;16.89419174194336;[-0.23024451732635498, -0.22796030342578888, 0.2315269261598587, 0.21633097529411316, -2.2433531284332275, -1.2422462701797485, -1.1967099905014038, 0.952876091003418, -2.230029582977295, 1.248784065246582, 0.25352463126182556, -1.2305006980895996, -2.230029821395874, 2.2233517169952393, 2.229574680328369, -2.229893684387207, -2.2371816635131836, -1.2273545265197754, -1.2326377630233765, 1.2034010887145996, 1.2305068969726562, 1.2149114608764648, 2.229729175567627, -0.2521218955516815]
0.35114166809605846;16.987701416015625;[-0.24024435877799988, -0.2379593402147293, 0.24152742326259613, 0.2262926697731018, -2.2533581256866455, -1.2522326707839966, -1.2066295146942139, 0.9608553647994995, -2.2400193214416504, 1.2586772441864014, 0.2634066641330719, -1.2405006885528564, -2.2400195598602295, 2.233346700668335, 2.2395715713500977, -2.2398905754089355, -2.247183084487915, -1.2373533248901367, -1.2426376342773438, 1.207919716835022, 1.2405085563659668, 1.2248897552490234, 2.2397234439849854, -0.2621101140975952]
0.34994873774299595;17.081205368041992;[-0.25024405121803284, -0.24795876443386078, 0.2515279948711395, 0.23625923693180084, -2.263361930847168, -1.262216329574585, -1.2165560722351074, 0.9688711166381836, -2.250009059906006, 1.2685621976852417, 0.2732793092727661, -1.250501036643982, -2.250009298324585, 2.2433438301086426, 2.249567985534668, -2.249886989593506, -2.2571842670440674, -1.2473530769348145, -1.2526367902755737, 1.2123854160308838, 1.2505102157592773, 1.2348721027374268, 2.2497172355651855, -0.2720945179462433]
0.34874407267869983;17.174711227416992;[-0.2602439224720001, -0.25795799493789673, 0.26152846217155457, 0.2462228238582611, -2.273364305496216, -1.2722011804580688, -1.2264790534973145, 0.9768677353858948, -2.2599987983703613, 1.2784512042999268, 0.28315672278404236, -1.260500192642212, -2.2599990367889404, 2.253340244293213, 2.259565591812134, -2.2598845958709717, -2.2671868801116943, -1.2573517560958862, -1.2626361846923828, 1.216877818107605, 1.260511875152588, 1.2448524236679077, 2.2597126960754395, -0.28208044171333313]
0.3475285451112034;17.26822280883789;[-0.270243763923645, -0.2679571211338043, 0.2715288996696472, 0.2561846375465393, -2.2833681106567383, -1.2821869850158691, -1.2364006042480469, 0.9848547577857971, -2.269988536834717, 1.2883436679840088, 0.29303690791130066, -1.2705005407333374, -2.269988775253296, 2.2633354663848877, 2.269561529159546, -2.269880533218384, -2.2771875858306885, -1.2673507928848267, -1.272635579109192, 1.2213882207870483, 1.2705135345458984, 1.2548317909240723, 2.2697067260742188, -0.2920670807361603]
0.3463028994716533;17.361730575561523;[-0.2802436947822571, -0.277956485748291, 0.28152918815612793, 0.26614636182785034, -2.2933707237243652, -1.2921725511550903, -1.2463222742080688, 0.9928434491157532, -2.2799782752990723, 1.2982351779937744, 0.3029167950153351, -1.2805004119873047, -2.2799785137176514, 2.2733306884765625, 2.2795584201812744, -2.2798774242401123, -2.2871885299682617, -1.2773497104644775, -1.2826353311538696, 1.2258964776992798, 1.280515193939209, 1.2648108005523682, 2.2797012329101562, -0.30205339193344116]
0.3450680028265349;17.45523452758789;[-0.2902434468269348, -0.28795596957206726, 0.2915295660495758, 0.2761102616786957, -2.303373098373413, -1.302156686782837, -1.2562470436096191, 1.0008488893508911, -2.2899680137634277, 1.3081226348876953, 0.3127923309803009, -1.2905004024505615, -2.289968252182007, 2.283327341079712, 2.289555311203003, -2.289874315261841, -2.297189474105835, -1.287348985671997, -1.2926347255706787, 1.230380892753601, 1.2905168533325195, 1.274792194366455, 2.2896955013275146, -0.3120378255844116]
0.3438240269916186;17.54874610900879;[-0.3002432882785797, -0.2979552447795868, 0.3015299141407013, 0.28607216477394104, -2.3133747577667236, -1.3121416568756104, -1.2661699056625366, 1.0088427066802979, -2.299957752227783, 1.3180135488510132, 0.3226708471775055, -1.300500750541687, -2.2999579906463623, 2.293322801589966, 2.299551486968994, -2.299870491027832, -2.307189702987671, -1.297348141670227, -1.3026341199874878, 1.234883427619934, 1.30051851272583, 1.284772276878357, 2.299689769744873, -0.3220233619213104]
0.3425719200010905;17.64225196838379;[-0.3102431893348694, -0.30795469880104065, 0.31153014302253723, 0.2960343658924103, -2.3233768939971924, -1.3221261501312256, -1.2760931253433228, 1.0168391466140747, -2.3099474906921387, 1.327903151512146, 0.3325486183166504, -1.3105006217956543, -2.3099477291107178, 2.303318500518799, 2.3095486164093018, -2.3098676204681396, -2.317190647125244, -1.3073471784591675, -1.3126336336135864, 1.2393810749053955, 1.3105201721191406, 1.2947523593902588, 2.3096845149993896, -0.33200839161872864]
0.34131219831583753;17.73575782775879;[-0.3202429413795471, -0.3179541230201721, 0.32153040170669556, 0.3059982359409332, -2.333378314971924, -1.332110047340393, -1.286018967628479, 1.0248486995697021, -2.319937229156494, 1.337790608406067, 0.3424232304096222, -1.3205007314682007, -2.3199374675750732, 2.313314914703369, 2.319545269012451, -2.319864273071289, -2.32719087600708, -1.3173466920852661, -1.3226327896118164, 1.243862271308899, 1.3205218315124512, 1.3047338724136353, 2.319678783416748, -0.34199193120002747]
0.3400452803718402;17.829267501831055;[-0.3302428722381592, -0.3279534578323364, 0.33153054118156433, 0.3159591257572174, -2.3433802127838135, -1.3420953750610352, -1.2959403991699219, 1.0328372716903687, -2.3299269676208496, 1.3476816415786743, 0.35230278968811035, -1.3305000066757202, -2.3299272060394287, 2.323310136795044, 2.329542875289917, -2.329861879348755, -2.3371925354003906, -1.3273451328277588, -1.3326326608657837, 1.2483729124069214, 1.3305234909057617, 1.314713478088379, 2.329674243927002, -0.35197725892066956]
0.3387718801824681;17.922773361206055;[-0.34024280309677124, -0.33795294165611267, 0.3415306806564331, 0.3259212374687195, -2.353381872177124, -1.3520793914794922, -1.3058639764785767, 1.040837287902832, -2.339916706085205, 1.3575705289840698, 0.3621797561645508, -1.340499758720398, -2.339916944503784, 2.333306074142456, 2.3395400047302246, -2.3398590087890625, -2.347193479537964, -1.3373441696166992, -1.3426321744918823, 1.2528679370880127, 1.3405251502990723, 1.3246937990188599, 2.3396687507629395, -0.3619614243507385]
0.33749267393431;18.016279220581055;[-0.350242555141449, -0.3479526937007904, 0.35153093934059143, 0.3358873426914215, -2.3633830547332764, -1.3620611429214478, -1.3157938718795776, 1.0488646030426025, -2.3499064445495605, 1.3674530982971191, 0.37204962968826294, -1.3504992723464966, -2.3499066829681396, 2.343303918838501, 2.3495378494262695, -2.3498568534851074, -2.3571949005126953, -1.3473435640335083, -1.3526312112808228, 1.2573227882385254, 1.3505268096923828, 1.3346772193908691, 2.3496639728546143, -0.371942937374115]
0.3363682123661186;18.109582901000977;[-0.3602428734302521, -0.35795196890830994, 0.361531525850296, 0.336825966835022, -2.3733832836151123, -1.3720394372940063, -1.325767159461975, 1.0568708181381226, -2.359896183013916, 1.377370834350586, 0.38192516565322876, -1.36030113697052, -2.359896421432495, 2.353302001953125, 2.3595502376556396, -2.3601460456848145, -2.367192029953003, -1.357343077659607, -1.3626278638839722, 1.2618184089660645, 1.3605284690856934, 1.3446606397628784, 2.3596577644348145, -0.3731987774372101]
0.33525657155604816;18.202878952026367;[-0.3702431917190552, -0.36795130372047424, 0.37153196334838867, 0.3370087444782257, -2.383382797241211, -1.3820197582244873, -1.3357350826263428, 1.0648540258407593, -2.3698859214782715, 1.3872953653335571, 0.3918072283267975, -1.3701066970825195, -2.3698861598968506, 2.3632988929748535, 2.3695638179779053, -2.3704285621643066, -2.3771891593933105, -1.367342233657837, -1.3726248741149902, 1.2663516998291016, 1.370530128479004, 1.3546407222747803, 2.3696482181549072, -0.373744398355484]
0.3341457824068874;18.296167373657227;[-0.38024330139160156, -0.3779509365558624, 0.3815324008464813, 0.3371792733669281, -2.3933818340301514, -1.3919976949691772, -1.3457045555114746, 1.0728671550750732, -2.379875659942627, 1.3972097635269165, 0.4016815721988678, -1.3799291849136353, -2.379875898361206, 2.3732974529266357, 2.379577398300171, -2.3806846141815186, -2.3871867656707764, -1.377341866493225, -1.38262140750885, 1.2708390951156616, 1.3805317878723145, 1.364623785018921, 2.3796379566192627, -0.3742847442626953]
0.3330358284304149;18.389455795288086;[-0.39024344086647034, -0.3879505693912506, 0.3915328085422516, 0.3373222053050995, -2.4033806324005127, -1.4019769430160522, -1.3556698560714722, 1.0808765888214111, -2.3898653984069824, 1.4071224927902222, 0.41155683994293213, -1.3897675275802612, -2.3898656368255615, 2.3832955360412598, 2.3895909786224365, -2.390915632247925, -2.3971850872039795, -1.3873414993286133, -1.3926184177398682, 1.2753305435180664, 1.390533447265625, 1.3746068477630615, 2.38962984085083, -0.3748129606246948]
0.33192759010400974;18.48274040222168;[-0.4002436697483063, -0.39795011281967163, 0.40153324604034424, 0.33741384744644165, -2.4133810997009277, -1.411955714225769, -1.3656318187713623, 1.0888885259628296, -2.399855136871338, 1.4170318841934204, 0.42143112421035767, -1.3996201753616333, -2.399855375289917, 2.393293857574463, 2.399604320526123, -2.401125431060791, -2.4071836471557617, -1.397341012954712, -1.4026155471801758, 1.279815435409546, 1.4005351066589355, 1.3845895528793335, 2.3996238708496094, -0.37530428171157837]
0.33081979985371784;18.576025009155273;[-0.4102438688278198, -0.40794968605041504, 0.41153374314308167, 0.337536484003067, -2.4233810901641846, -1.4219340085983276, -1.3755934238433838, 1.096913456916809, -2.4098448753356934, 1.4269362688064575, 0.4313017725944519, -1.4094866514205933, -2.4098451137542725, 2.403292179107666, 2.4096169471740723, -2.4113142490386963, -2.417182445526123, -1.4073411226272583, -1.4126129150390625, 1.2842786312103271, 1.410536766052246, 1.39457368850708, 2.409618616104126, -0.37583595514297485]
0.32971334903530847;18.669315338134766;[-0.4202442169189453, -0.4179489314556122, 0.4215340316295624, 0.3375953435897827, -2.4333813190460205, -1.4319177865982056, -1.3855406045913696, 1.104885458946228, -2.419834613800049, 1.4368516206741333, 0.44118648767471313, -1.4193648099899292, -2.419834852218628, 2.413287878036499, 2.419628858566284, -2.421485185623169, -2.427180051803589, -1.4173401594161987, -1.4226113557815552, 1.2888216972351074, 1.4205384254455566, 1.4045522212982178, 2.4196114540100098, -0.3763364851474762]
0.3286090894196643;18.762598037719727;[-0.43024447560310364, -0.427948534488678, 0.4315343201160431, 0.33764997124671936, -2.4433817863464355, -1.441896677017212, -1.3954949378967285, 1.1129047870635986, -2.4298243522644043, 1.446753978729248, 0.4510587751865387, -1.4292538166046143, -2.4298245906829834, 2.423286199569702, 2.429638624191284, -2.431640386581421, -2.4371795654296875, -1.4273399114608765, -1.4326086044311523, 1.2932926416397095, 1.4305400848388672, 1.4145355224609375, 2.4296061992645264, -0.3768326938152313]
0.3275057423026403;18.855886459350586;[-0.44024455547332764, -0.4379482567310333, 0.4415345788002014, 0.33770477771759033, -2.453380584716797, -1.4518780708312988, -1.405443787574768, 1.1209092140197754, -2.4398140907287598, 1.456658959388733, 0.4609350264072418, -1.4391535520553589, -2.439814329147339, 2.433283805847168, 2.4396512508392334, -2.4417808055877686, -2.4471776485443115, -1.4373395442962646, -1.442606806755066, 1.2977879047393799, 1.4405417442321777, 1.4245175123214722, 2.4395976066589355, -0.37734946608543396]
0.3264042746510492;18.949167251586914;[-0.45024457573890686, -0.44794803857803345, 0.45153480768203735, 0.33778050541877747, -2.4633800983428955, -1.4618571996688843, -1.4153963327407837, 1.1289395093917847, -2.4498038291931152, 1.4665552377700806, 0.47080397605895996, -1.449062466621399, -2.4498040676116943, 2.4432826042175293, 2.449659585952759, -2.45190691947937, -2.4571762084960938, -1.447339415550232, -1.452604055404663, 1.3022407293319702, 1.4505434036254883, 1.4345022439956665, 2.4495913982391357, -0.377891480922699]
0.32530480312458676;19.042455673217773;[-0.4602448642253876, -0.4579474627971649, 0.46153491735458374, 0.3378019332885742, -2.473379373550415, -1.4718409776687622, -1.4253361225128174, 1.136922001838684, -2.4597935676574707, 1.4764621257781982, 0.48068591952323914, -1.4589792490005493, -2.45979380607605, 2.4532787799835205, 2.4596686363220215, -2.462021827697754, -2.467174530029297, -1.457338571548462, -1.4626027345657349, 1.3067671060562134, 1.4605450630187988, 1.4444822072982788, 2.4595837593078613, -0.37841156125068665]
0.32420883653532445;19.13573455810547;[-0.4702448844909668, -0.46794742345809937, 0.4715351462364197, 0.3377789855003357, -2.4833788871765137, -1.481820821762085, -1.4352842569351196, 1.1449506282806396, -2.469783306121826, 1.4863563776016235, 0.49055543541908264, -1.4689029455184937, -2.4697835445404053, 2.4632771015167236, 2.4696755409240723, -2.4721267223358154, -2.4771738052368164, -1.4673384428024292, -1.4726005792617798, 1.3112213611602783, 1.4705467224121094, 1.454466462135315, 2.469576835632324, -0.37888601422309875]
0.3231135228913375;19.22901725769043;[-0.48024502396583557, -0.47794726490974426, 0.48153528571128845, 0.3378191292285919, -2.493377923965454, -1.4918044805526733, -1.445223331451416, 1.1529459953308105, -2.4797730445861816, 1.4962581396102905, 0.5004341006278992, -1.478834629058838, -2.4797732830047607, 2.4732730388641357, 2.4796814918518066, -2.48222017288208, -2.4871726036071777, -1.4773380756378174, -1.482599139213562, 1.315726637840271, 1.48054838180542, 1.4644477367401123, 2.479569435119629, -0.3794483244419098]
0.32202205878731194;19.32230567932129;[-0.49024516344070435, -0.48794710636138916, 0.491535484790802, 0.33776581287384033, -2.5033769607543945, -1.5017880201339722, -1.4551621675491333, 1.1609433889389038, -2.489762783050537, 1.5061581134796143, 0.5103121995925903, -1.488771915435791, -2.489763021469116, 2.483269214630127, 2.489687442779541, -2.4923057556152344, -2.497171401977539, -1.487337589263916, -1.492598056793213, 1.320228099822998, 1.4905500411987305, 1.4744290113449097, 2.4895622730255127, -0.37993255257606506]
0.32093252153297014;19.415584564208984;[-0.5002452731132507, -0.4979468882083893, 0.5015355348587036, 0.33774903416633606, -2.513375997543335, -1.5117719173431396, -1.4650980234146118, 1.168936014175415, -2.4997525215148926, 1.516058325767517, 0.5201914310455322, -1.4987151622772217, -2.4997527599334717, 2.493265390396118, 2.4996912479400635, -2.5023813247680664, -2.5071702003479004, -1.4973372220993042, -1.5025968551635742, 1.3247358798980713, 1.500551700592041, 1.4844099283218384, 2.4995553493499756, -0.38046857714653015]
0.3198467673842514;19.50886344909668;[-0.510245144367218, -0.5079470276832581, 0.5115355849266052, 0.3377138376235962, -2.5233750343322754, -1.5217514038085938, -1.475043773651123, 1.1769808530807495, -2.509742259979248, 1.5259456634521484, 0.5300568342208862, -1.5086634159088135, -2.509742498397827, 2.5032639503479004, 2.509695053100586, -2.512451171875, -2.5171701908111572, -1.5073376893997192, -1.5125946998596191, 1.3291635513305664, 1.5105533599853516, 1.4943963289260864, 2.509549140930176, -0.3809782862663269]
0.3187628514115212;19.60215187072754;[-0.5202453136444092, -0.5179463624954224, 0.5215355157852173, 0.337678462266922, -2.533374547958374, -1.5317366123199463, -1.48497474193573, 1.1849594116210938, -2.5197319984436035, 1.5358483791351318, 0.5399395227432251, -1.518616795539856, -2.5197322368621826, 2.513259172439575, 2.519697904586792, -2.522514581680298, -2.5271685123443604, -1.5173367261886597, -1.5225939750671387, 1.333691120147705, 1.520555019378662, 1.5043754577636719, 2.519543170928955, -0.3815281093120575]
0.31768277959371843;19.695425033569336;[-0.530245304107666, -0.5279462933540344, 0.5315355062484741, 0.3376479744911194, -2.54337477684021, -1.5417168140411377, -1.49491548538208, 1.1929917335510254, -2.529721736907959, 1.5457375049591064, 0.5498078465461731, -1.5285738706588745, -2.529721975326538, 2.5232577323913574, 2.5296998023986816, -2.53257155418396, -2.537168502807617, -1.5273367166519165, -1.5325924158096313, 1.3381361961364746, 1.5305566787719727, 1.5143598318099976, 2.52953839302063, -0.38207271695137024]
0.3166065283722335;19.788705825805664;[-0.5402451753616333, -0.5379459857940674, 0.5415353775024414, 0.33754122257232666, -2.5533735752105713, -1.5516993999481201, -1.50485098361969, 1.201001524925232, -2.5397114753723145, 1.5556316375732422, 0.5596824288368225, -1.5385342836380005, -2.5397117137908936, 2.5332541465759277, 2.5397024154663086, -2.542623281478882, -2.5471675395965576, -1.5373365879058838, -1.5425910949707031, 1.3426156044006348, 1.5405583381652832, 1.5243422985076904, 2.5395314693450928, -0.38256368041038513]
0.31553231349776406;19.881994247436523;[-0.5502455830574036, -0.5479454398155212, 0.5515352487564087, 0.33747783303260803, -2.5633740425109863, -1.5616867542266846, -1.514776349067688, 1.208967924118042, -2.54970121383667, 1.565535545349121, 0.5695682168006897, -1.5484991073608398, -2.549701452255249, 2.5432498455047607, 2.5497028827667236, -2.5526695251464844, -2.557166337966919, -1.5473356246948242, -1.5525906085968018, 1.3471574783325195, 1.5505599975585938, 1.5343199968338013, 2.549525499343872, -0.38312745094299316]
0.3144625444293236;19.97527313232422;[-0.5602458119392395, -0.5579452514648438, 0.5615351796150208, 0.3374013602733612, -2.573373556137085, -1.5716687440872192, -1.5247126817703247, 1.2169893980026245, -2.5596909523010254, 1.575425624847412, 0.579439640045166, -1.5584667921066284, -2.5596911907196045, 2.5532472133636475, 2.559704542160034, -2.562711715698242, -2.567166328430176, -1.5573354959487915, -1.5625890493392944, 1.3516181707382202, 1.5605616569519043, 1.544303297996521, 2.5595200061798096, -0.3836660087108612]
0.3133963463912643;20.06855010986328;[-0.5702458024024963, -0.5679450631141663, 0.5715352296829224, 0.33730149269104004, -2.5833730697631836, -1.5816526412963867, -1.5346440076828003, 1.2249897718429565, -2.569680690765381, 1.5853203535079956, 0.5893166065216064, -1.5684374570846558, -2.56968092918396, 2.563243865966797, 2.569704532623291, -2.5727503299713135, -2.577165365219116, -1.5673348903656006, -1.5725878477096558, 1.35611093044281, 1.5705633163452148, 1.5542843341827393, 2.5695137977600098, -0.384202241897583]
0.3123334321276974;20.16183090209961;[-0.5802457928657532, -0.5779448747634888, 0.5815351605415344, 0.33724191784858704, -2.5933725833892822, -1.5916353464126587, -1.544575810432434, 1.233000636100769, -2.5796704292297363, 1.5952123403549194, 0.5991909503936768, -1.578411340713501, -2.5796706676483154, 2.5732407569885254, 2.579704761505127, -2.5827836990356445, -2.587165117263794, -1.5773347616195679, -1.5825871229171753, 1.360588550567627, 1.5805649757385254, 1.5642666816711426, 2.579507827758789, -0.38478392362594604]
0.3112749945198261;20.255115509033203;[-0.5902461409568787, -0.5879445672035217, 0.5915349721908569, 0.3371134102344513, -2.6033730506896973, -1.601620078086853, -1.5545049905776978, 1.240996241569519, -2.589660167694092, 1.6051082611083984, 0.6090691089630127, -1.5883865356445312, -2.589660406112671, 2.583237886428833, 2.5897059440612793, -2.5928146839141846, -2.597165107727051, -1.587334394454956, -1.5925861597061157, 1.3650866746902466, 1.590566635131836, 1.5742473602294922, 2.5895025730133057, -0.3853130638599396]
0.31022071200632245;20.348390579223633;[-0.6002463102340698, -0.5979446172714233, 0.601534903049469, 0.3370126187801361, -2.613373041152954, -1.6116009950637817, -1.564441442489624, 1.2490317821502686, -2.5996499061584473, 1.6149932146072388, 0.6189367175102234, -1.5983644723892212, -2.5996501445770264, 2.5932366847991943, 2.5997071266174316, -2.6028425693511963, -2.607165813446045, -1.5973345041275024, -1.6025843620300293, 1.3695238828659058, 1.6005682945251465, 1.5842317342758179, 2.5994977951049805, -0.3858601152896881]
0.30916955556784914;20.441675186157227;[-0.6102468371391296, -0.6079438924789429, 0.611534595489502, 0.33688676357269287, -2.6233737468719482, -1.6215896606445312, -1.574360966682434, 1.256987452507019, -2.6096396446228027, 1.6248981952667236, 0.6288253664970398, -1.608344554901123, -2.609639883041382, 2.603231906890869, 2.6097066402435303, -2.612868070602417, -2.6171648502349854, -1.6073334217071533, -1.6125843524932861, 1.3740818500518799, 1.610569953918457, 1.5942083597183228, 2.609492063522339, -0.38642919063568115]
0.3081238221709767;20.534954071044922;[-0.6202470660209656, -0.6179441213607788, 0.6215346455574036, 0.3367581069469452, -2.633373498916626, -1.6315704584121704, -1.5842974185943604, 1.2650279998779297, -2.619629383087158, 1.6347812414169312, 0.6386917233467102, -1.618326187133789, -2.6196296215057373, 2.6132309436798096, 2.6197071075439453, -2.622891664505005, -2.6271653175354004, -1.6173337697982788, -1.6225824356079102, 1.37851083278656, 1.6205716133117676, 1.6041936874389648, 2.6194872856140137, -0.3869626522064209]
0.3070814793028893;20.628236770629883;[-0.6302472949028015, -0.6279438734054565, 0.6315345764160156, 0.3366428017616272, -2.643373966217041, -1.6415551900863647, -1.594224452972412, 1.2730224132537842, -2.6296191215515137, 1.6446752548217773, 0.64857017993927, -1.6283094882965088, -2.6296193599700928, 2.623227596282959, 2.629706621170044, -2.6329123973846436, -2.6371655464172363, -1.6273330450057983, -1.6325819492340088, 1.3830091953277588, 1.6305732727050781, 1.6141738891601562, 2.6294820308685303, -0.3875391185283661]
0.3060430985918533;20.721515655517578;[-0.6402473449707031, -0.6379438042640686, 0.6415345072746277, 0.33656200766563416, -2.653373956680298, -1.6515390872955322, -1.6041536331176758, 1.2810298204421997, -2.639608860015869, 1.6545658111572266, 0.6584451794624329, -1.6382949352264404, -2.6396090984344482, 2.6332247257232666, 2.6397054195404053, -2.642930030822754, -2.647165298461914, -1.637332797050476, -1.6425811052322388, 1.3874870538711548, 1.6405749320983887, 1.6241555213928223, 2.6394762992858887, -0.3881502151489258]
0.3050104449613464;20.81479263305664;[-0.6502475142478943, -0.6479437947273254, 0.6515344381332397, 0.33639776706695557, -2.6633739471435547, -1.661521315574646, -1.6140855550765991, 1.2890524864196777, -2.6495985984802246, 1.664453148841858, 0.6683161854743958, -1.6482805013656616, -2.6495988368988037, 2.6432228088378906, 2.649704933166504, -2.6529483795166016, -2.65716552734375, -1.6473324298858643, -1.6525800228118896, 1.391942024230957, 1.6505765914916992, 1.6341389417648315, 2.6494715213775635, -0.3886792063713074]
0.30398150358467735;20.9080810546875;[-0.6602479219436646, -0.6579433083534241, 0.6615342497825623, 0.33622467517852783, -2.6733744144439697, -1.671509027481079, -1.62400484085083, 1.2970139980316162, -2.65958833694458, 1.674355149269104, 0.678203284740448, -1.658267855644226, -2.659588575363159, 2.653217315673828, 2.659703254699707, -2.6629638671875, -2.6671645641326904, -1.657331109046936, -1.662580132484436, 1.3964896202087402, 1.6605782508850098, 1.644115924835205, 2.659465789794922, -0.3892366886138916]
0.30295688782751296;21.001358032226562;[-0.6702480316162109, -0.6679434180259705, 0.6715344190597534, 0.336123526096344, -2.6833739280700684, -1.6814918518066406, -1.6339343786239624, 1.3050286769866943, -2.6695780754089355, 1.6842435598373413, 0.6880762577056885, -1.6682569980621338, -2.6695783138275146, 2.6632144451141357, 2.6697018146514893, -2.6729769706726074, -2.6771647930145264, -1.6673307418823242, -1.672579288482666, 1.4009568691253662, 1.6705799102783203, 1.6540977954864502, 2.6694600582122803, -0.38984519243240356]
0.30193737140013943;21.09463882446289;[-0.6802482008934021, -0.6779432892799377, 0.6815344095230103, 0.3359695374965668, -2.6933743953704834, -1.6914762258529663, -1.643859624862671, 1.3130227327346802, -2.679567813873291, 1.6941367387771606, 0.6979545950889587, -1.6782467365264893, -2.67956805229187, 2.673210382461548, 2.6797001361846924, -2.6829891204833984, -2.687164783477783, -1.6773300170898438, -1.6825789213180542, 1.4054540395736694, 1.6805815696716309, 1.6640777587890625, 2.679454803466797, -0.3904162347316742]
0.3009226115212758;21.18792152404785;[-0.6902482509613037, -0.6879432201385498, 0.6915344595909119, 0.3358050286769867, -2.703373908996582, -1.7014609575271606, -1.6537853479385376, 1.321021556854248, -2.6895575523376465, 1.7040297985076904, 0.707831859588623, -1.6882367134094238, -2.6895577907562256, 2.6832070350646973, 2.6896984577178955, -2.693000078201294, -2.697164535522461, -1.6873292922973633, -1.6925784349441528, 1.4099464416503906, 1.6905832290649414, 1.674058198928833, 2.689448595046997, -0.390980064868927]
0.29991282767794347;21.281198501586914;[-0.7002483606338501, -0.6979433298110962, 0.7015343904495239, 0.3356476128101349, -2.7133734226226807, -1.7114437818527222, -1.6637153625488281, 1.3290419578552246, -2.699547290802002, 1.713916540145874, 0.7177035808563232, -1.6982276439666748, -2.699547529220581, 2.693204164505005, 2.699697494506836, -2.7030105590820312, -2.7071645259857178, -1.6973292827606201, -1.7025772333145142, 1.4144046306610107, 1.700584888458252, 1.6840415000915527, 2.6994435787200928, -0.3915432393550873]
0.2989071355979621;21.374479293823242;[-0.7102482914924622, -0.7079431414604187, 0.711534321308136, 0.3355202078819275, -2.723372459411621, -1.7214282751083374, -1.6736407279968262, 1.3370400667190552, -2.7095370292663574, 1.723809003829956, 0.7275813817977905, -1.70822012424469, -2.7095372676849365, 2.703200101852417, 2.7096946239471436, -2.713019847869873, -2.7171638011932373, -1.7073286771774292, -1.7125766277313232, 1.418898582458496, 1.7105865478515625, 1.6940221786499023, 2.7094368934631348, -0.3921530842781067]
0.2979072093866569;21.467756271362305;[-0.720248281955719, -0.7179432511329651, 0.7215344309806824, 0.33533406257629395, -2.7333719730377197, -1.7314114570617676, -1.6835689544677734, 1.3450500965118408, -2.719526767730713, 1.7336982488632202, 0.7374559640884399, -1.7182130813598633, -2.719527006149292, 2.7131972312927246, 2.7196922302246094, -2.7230281829833984, -2.727163076400757, -1.7173280715942383, -1.7225757837295532, 1.4233736991882324, 1.720588207244873, 1.7040035724639893, 2.719431161880493, -0.39270228147506714]
0.29691175741294756;21.5610294342041;[-0.730247974395752, -0.7279434204101562, 0.7315345406532288, 0.3352052569389343, -2.743370771408081, -1.741392970085144, -1.6935012340545654, 1.3530845642089844, -2.7295165061950684, 1.7435811758041382, 0.7473240494728088, -1.728206753730774, -2.7295167446136475, 2.723196029663086, 2.729689121246338, -2.7330358028411865, -2.7371625900268555, -1.7273283004760742, -1.732574701309204, 1.4278130531311035, 1.7305898666381836, 1.7139878273010254, 2.7294247150421143, -0.3932996094226837]
0.29592063754454556;21.654314041137695;[-0.7402482628822327, -0.7379430532455444, 0.741534411907196, 0.3350589871406555, -2.753370523452759, -1.7513792514801025, -1.7034212350845337, 1.361057996749878, -2.739506244659424, 1.7534794807434082, 0.7572082281112671, -1.73820161819458, -2.739506483078003, 2.73319149017334, 2.739686965942383, -2.7430408000946045, -2.747161388397217, -1.737327218055725, -1.7425745725631714, 1.432342290878296, 1.7405915260314941, 1.7239651679992676, 2.7394185066223145, -0.3939148485660553]
0.29493531937907297;21.747591018676758;[-0.7502484321594238, -0.7479428052902222, 0.7515343427658081, 0.3348611891269684, -2.7633702754974365, -1.7613654136657715, -1.713342547416687, 1.3690383434295654, -2.7494959831237793, 1.763376235961914, 0.7670904994010925, -1.7481961250305176, -2.7494962215423584, 2.743187665939331, 2.749683380126953, -2.753046751022339, -2.7571611404418945, -1.747326135635376, -1.7525745630264282, 1.436861276626587, 1.7505931854248047, 1.7339431047439575, 2.7494120597839355, -0.39447885751724243]
0.29395490992803697;21.840877532958984;[-0.7602483630180359, -0.7579429745674133, 0.7615343928337097, 0.33470451831817627, -2.773369789123535, -1.7713487148284912, -1.723270297050476, 1.3770495653152466, -2.7594857215881348, 1.7732648849487305, 0.776964545249939, -1.7581908702850342, -2.759485960006714, 2.7531847953796387, 2.75968074798584, -2.763051748275757, -2.767160654067993, -1.757325530052185, -1.7625738382339478, 1.441333532333374, 1.7605948448181152, 1.7439247369766235, 2.759406328201294, -0.3950694799423218]
0.2929802482870415;21.93414306640625;[-0.7702480554580688, -0.7679435610771179, 0.7715346813201904, 0.33453625440597534, -2.7833681106567383, -1.7813279628753662, -1.7332080602645874, 1.3851094245910645, -2.7694754600524902, 1.7831419706344604, 0.7868258953094482, -1.7681851387023926, -2.7694756984710693, 2.7631845474243164, 2.7696783542633057, -2.7730560302734375, -2.777160882949829, -1.7673261165618896, -1.7725722789764404, 1.4457330703735352, 1.7705965042114258, 1.7539113759994507, 2.769400119781494, -0.3956250548362732]
0.2920094747214534;22.027435302734375;[-0.7802484631538391, -0.777942955493927, 0.7815344333648682, 0.3343588709831238, -2.793367862701416, -1.7913167476654053, -1.743122935295105, 1.393059492111206, -2.7794651985168457, 1.7930452823638916, 0.7967162132263184, -1.7781811952590942, -2.779465436935425, 2.773179054260254, 2.779674768447876, -2.783060073852539, -2.7871596813201904, -1.7773246765136719, -1.782572627067566, 1.450297474861145, 1.7805981636047363, 1.7638863325119019, 2.7793936729431152, -0.39623287320137024]
0.29104432559666604;22.120712280273438;[-0.7902485132217407, -0.7879428267478943, 0.791534423828125, 0.334194153547287, -2.8033671379089355, -1.8013007640838623, -1.7530473470687866, 1.4010592699050903, -2.789454936981201, 1.8029364347457886, 0.8065932393074036, -1.788177251815796, -2.7894551753997803, 2.7831759452819824, 2.7896716594696045, -2.793063163757324, -2.79715895652771, -1.7873239517211914, -1.7925723791122437, 1.4547868967056274, 1.7905998229980469, 1.7738662958145142, 2.7893874645233154, -0.3968290686607361]
0.29008439508833794;22.213987350463867;[-0.8002485632896423, -0.7979428172111511, 0.8015343546867371, 0.3340258002281189, -2.813366651535034, -1.8112856149673462, -1.762972116470337, 1.4090602397918701, -2.7994446754455566, 1.8128275871276855, 0.8164700865745544, -1.7981736660003662, -2.7994449138641357, 2.793172836303711, 2.799668550491333, -2.8030660152435303, -2.8071584701538086, -1.7973233461380005, -1.8025716543197632, 1.4592747688293457, 1.8006014823913574, 1.7838467359542847, 2.7993812561035156, -0.39742299914360046]
0.28912935173788384;22.307268142700195;[-0.8102485537528992, -0.8079431056976318, 0.8115344047546387, 0.3339012563228607, -2.823366165161133, -1.8212682008743286, -1.7729005813598633, 1.4170781373977661, -2.809434413909912, 1.82271409034729, 0.8263422846794128, -1.8081705570220947, -2.809434652328491, 2.803170919418335, 2.8096652030944824, -2.813068389892578, -2.8171584606170654, -1.8073229789733887, -1.8125709295272827, 1.4637356996536255, 1.810603141784668, 1.7938283681869507, 2.809375762939453, -0.39805343747138977]
0.28817968709528363;22.400548934936523;[-0.8202487230300903, -0.8179431557655334, 0.8215343952178955, 0.3337456285953522, -2.8333652019500732, -1.8312519788742065, -1.7828260660171509, 1.4250819683074951, -2.8194241523742676, 1.8326044082641602, 0.8362184166908264, -1.818167805671692, -2.8194243907928467, 2.8131680488586426, 2.81966233253479, -2.823071241378784, -2.827158212661743, -1.8173223733901978, -1.8225702047348022, 1.4682188034057617, 1.8206048011779785, 1.8038088083267212, 2.8193695545196533, -0.39866212010383606]
0.2872355611988124;22.49382972717285;[-0.8302487730979919, -0.8279432058334351, 0.8315343856811523, 0.3335576057434082, -2.8433644771575928, -1.841235876083374, -1.7927510738372803, 1.4330825805664062, -2.829413890838623, 1.8424954414367676, 0.8460952043533325, -1.8281646966934204, -2.829414129257202, 2.823164939880371, 2.829660177230835, -2.833073139190674, -2.8371572494506836, -1.8273217678070068, -1.8325698375701904, 1.4727071523666382, 1.830606460571289, 1.8137890100479126, 2.8293633460998535, -0.3992416560649872]
0.2862968528533149;22.587108612060547;[-0.8402488827705383, -0.8379433155059814, 0.841534435749054, 0.333377480506897, -2.8533647060394287, -1.8512191772460938, -1.802679181098938, 1.4410990476608276, -2.8394036293029785, 1.8523825407028198, 0.85596764087677, -1.8381623029708862, -2.8394038677215576, 2.833162546157837, 2.83965802192688, -2.843074321746826, -2.8471574783325195, -1.8373212814331055, -1.8425689935684204, 1.4771695137023926, 1.8406081199645996, 1.823771357536316, 2.839358329772949, -0.3998217284679413]
0.2853635076145257;22.680383682250977;[-0.850249171257019, -0.8479428887367249, 0.8515343070030212, 0.33314740657806396, -2.8633646965026855, -1.861206293106079, -1.8125981092453003, 1.449074387550354, -2.849393367767334, 1.8622791767120361, 0.8658509254455566, -1.8481597900390625, -2.849393606185913, 2.843158006668091, 2.8496551513671875, -2.853076934814453, -2.85715651512146, -1.8473201990127563, -1.8525691032409668, 1.4816943407058716, 1.8506097793579102, 1.833749532699585, 2.8493523597717285, -0.4003751873970032]
0.28443542122494303;22.773656845092773;[-0.8602489829063416, -0.8579433560371399, 0.8615344166755676, 0.33299505710601807, -2.873363733291626, -1.87118661403656, -1.8225334882736206, 1.4571272134780884, -2.8593831062316895, 1.8721567392349243, 0.8757138252258301, -1.8581570386886597, -2.8593833446502686, 2.853156566619873, 2.8596529960632324, -2.8630778789520264, -2.867156982421875, -1.8573206663131714, -1.8625671863555908, 1.4861019849777222, 1.8606114387512207, 1.8437360525131226, 2.859347343444824, -0.4009643495082855]
0.2835117771994545;22.8669490814209;[-0.8702492117881775, -0.8679428696632385, 0.8715341687202454, 0.3328242003917694, -2.8833632469177246, -1.8811744451522827, -1.8324497938156128, 1.4650903940200806, -2.869372844696045, 1.8820568323135376, 0.8856005668640137, -1.8681551218032837, -2.869373083114624, 2.8631503582000732, 2.86965012550354, -2.873077869415283, -2.8771555423736572, -1.8673195838928223, -1.872567057609558, 1.4906470775604248, 1.8706130981445312, 1.853712558746338, 2.8693411350250244, -0.40158578753471375]
0.2825940867419304;22.960222244262695;[-0.8802490830421448, -0.8779429793357849, 0.8815342783927917, 0.33264946937561035, -2.8933627605438232, -1.891158103942871, -1.8423768281936646, 1.473104476928711, -2.8793625831604004, 1.8919442892074585, 0.8954739570617676, -1.8781534433364868, -2.8793628215789795, 2.87314772605896, 2.8796472549438477, -2.8830795288085938, -2.887155294418335, -1.877319097518921, -1.8825663328170776, 1.4951139688491821, 1.8806147575378418, 1.863694667816162, 2.8793351650238037, -0.4021751284599304]
0.2816815216905099;23.053504943847656;[-0.8902493119239807, -0.8879432082176208, 0.8915343284606934, 0.33248889446258545, -2.903362512588501, -1.90114164352417, -1.8523037433624268, 1.481117606163025, -2.889352321624756, 1.901832103729248, 0.9053471088409424, -1.8881515264511108, -2.889352560043335, 2.8831446170806885, 2.889645576477051, -2.893080472946167, -2.897155523300171, -1.8873183727264404, -1.892565369606018, 1.4995800256729126, 1.8906164169311523, 1.8736761808395386, 2.8893299102783203, -0.4027789533138275]
0.28077390320073975;23.146785736083984;[-0.9002493023872375, -0.897942841053009, 0.9015341997146606, 0.3323184847831726, -2.9133617877960205, -1.911128282546997, -1.8622232675552368, 1.4890930652618408, -2.8993420600891113, 1.911729335784912, 0.9152307510375977, -1.8981497287750244, -2.8993422985076904, 2.893139362335205, 2.899641275405884, -2.903081178665161, -2.9071543216705322, -1.8973172903060913, -1.902565360069275, 1.5041061639785767, 1.900618076324463, 1.883653998374939, 2.8993237018585205, -0.4033966660499573]
0.2798720858670932;23.24005699157715;[-0.9102491736412048, -0.9079432487487793, 0.911534309387207, 0.3321683406829834, -2.92336106300354, -1.9211091995239258, -1.8721555471420288, 1.4971325397491455, -2.909331798553467, 1.9216104745864868, 0.9250972867012024, -1.908147931098938, -2.909332036972046, 2.903137683868408, 2.9096386432647705, -2.913081407546997, -2.917154550552368, -1.9073172807693481, -1.9125640392303467, 1.5085337162017822, 1.9106197357177734, 1.8936387300491333, 2.909318447113037, -0.40400010347366333]
0.27897536265250494;23.333341598510742;[-0.9202494025230408, -0.9179429411888123, 0.9215341806411743, 0.33196696639060974, -2.933361291885376, -1.9310969114303589, -1.8820734024047852, 1.5050991773605347, -2.9193215370178223, 1.9315093755722046, 0.9349825978279114, -1.9181462526321411, -2.9193217754364014, 2.9131321907043457, 2.919635772705078, -2.923081636428833, -2.927154064178467, -1.9173157215118408, -1.9225640296936035, 1.513069987297058, 1.920621395111084, 1.9036155939102173, 2.9193127155303955, -0.4045926034450531]
0.27808443654210524;23.426620483398438;[-0.9302493333816528, -0.9279429316520691, 0.9315341711044312, 0.33175966143608093, -2.9433600902557373, -1.9410803318023682, -1.8920001983642578, 1.5131103992462158, -2.9293112754821777, 1.9413974285125732, 0.9448569416999817, -1.9281446933746338, -2.929311513900757, 2.923129081726074, 2.9296321868896484, -2.933081865310669, -2.9371535778045654, -1.9273152351379395, -1.9325634241104126, 1.5175424814224243, 1.9306230545043945, 1.9135968685150146, 2.929306745529175, -0.4051564037799835]
0.2771986863191648;23.519901275634766;[-0.9402494430541992, -0.9379430413246155, 0.9415342807769775, 0.33155715465545654, -2.953359842300415, -1.9510645866394043, -1.9019263982772827, 1.5211150646209717, -2.939301013946533, 1.9512869119644165, 0.9547324180603027, -1.938143014907837, -2.9393012523651123, 2.9331257343292236, 2.939629077911377, -2.943082094192505, -2.9471538066864014, -1.9373146295547485, -1.9425625801086426, 1.5220214128494263, 1.940624713897705, 1.9235780239105225, 2.9393014907836914, -0.40572914481163025]
0.2763179698892199;23.613176345825195;[-0.9502495527267456, -0.9479430317878723, 0.9515342712402344, 0.33137083053588867, -2.963359832763672, -1.9610494375228882, -1.9118499755859375, 1.529111623764038, -2.9492907524108887, 1.9611785411834717, 0.9646099209785461, -1.9481415748596191, -2.9492909908294678, 2.943122148513794, 2.9496266841888428, -2.9530820846557617, -2.9571533203125, -1.947313666343689, -1.9525622129440308, 1.5265129804611206, 1.9506263732910156, 1.9335579872131348, 2.949295997619629, -0.406322181224823]
0.2754417106652966;23.70646095275879;[-0.9602495431900024, -0.9579430818557739, 0.9615342020988464, 0.3312668800354004, -2.9733591079711914, -1.9710335731506348, -1.9217751026153564, 1.537117838859558, -2.959280490875244, 1.971068024635315, 0.9744853377342224, -1.9581409692764282, -2.9592807292938232, 2.9531192779541016, 2.959623336791992, -2.9630815982818604, -2.9671525955200195, -1.9573131799697876, -1.9625617265701294, 1.5309914350509644, 1.9606280326843262, 1.9435389041900635, 2.959290027618408, -0.4069928526878357]
0.2745800477683692;23.799339294433594;[-0.9702487587928772, -0.9679574370384216, 0.9715389609336853, 0.33142387866973877, -2.9833457469940186, -1.9809339046478271, -1.931679606437683, 1.5448887348175049, -2.9692721366882324, 1.981024146080017, 0.9840032458305359, -1.9681345224380493, -2.9692704677581787, 2.963085174560547, 2.9696266651153564, -2.973092555999756, -2.977161407470703, -1.9673311710357666, -1.972549557685852, 1.5358444452285767, 1.9706273078918457, 1.9536672830581665, 2.9692869186401367, -0.40732696652412415]
0.27390929628467536;23.888917922973633;[-0.9802200198173523, -0.9782450199127197, 0.9816346168518066, 0.33771881461143494, -2.9930825233459473, -1.9891167879104614, -1.9418209791183472, 1.5515607595443726, -2.979285717010498, 1.9913997650146484, 0.9863377213478088, -1.9780081510543823, -2.979260206222534, 2.972641706466675, 2.979734420776367, -2.9833080768585205, -2.9873833656311035, -1.9777131080627441, -1.9822845458984375, 1.542922854423523, 1.9805821180343628, 1.9665226936340332, 2.97934627532959, -0.4014882743358612]
0.2732491376685611;23.978504180908203;[-0.9901920557022095, -0.9885125160217285, 0.9917238354682922, 0.34424716234207153, -3.0028371810913086, -1.997374415397644, -1.9519628286361694, 1.5583823919296265, -2.9892992973327637, 2.001732349395752, 0.9885368347167969, -1.987890601158142, -2.9892499446868896, 2.9822282791137695, 2.9898428916931152, -2.9935059547424316, -2.997588634490967, -1.9880682229995728, -1.9920344352722168, 1.5500290393829346, 1.9905375242233276, 1.97907555103302, 2.9894018173217773, -0.3956512212753296]
0.2725947771682284;24.068082809448242;[-1.000167727470398, -0.99875408411026, 1.0018045902252197, 0.35067281126976013, -3.0126144886016846, -2.005760431289673, -1.9620856046676636, 1.5653071403503418, -2.9993128776550293, 2.0120327472686768, 0.990834653377533, -1.997783899307251, -2.999239683151245, 2.9918501377105713, 2.9999330043792725, -3.003685712814331, -3.007772207260132, -1.9983881711959839, -2.0018057823181152, 1.557215690612793, 2.000502824783325, 1.991297721862793, 2.999439239501953, -0.3898591995239258]
0.2719460454558519;24.157670974731445;[-1.0101455450057983, -1.0089726448059082, 1.0118776559829712, 0.3570614159107208, -3.0224108695983887, -2.01426100730896, -1.9721791744232178, 1.5722565650939941, -3.009326457977295, 2.0223207473754883, 0.9932118654251099, -2.007687568664551, -3.0092294216156006, 3.0014989376068115, 3.0100181102752686, -3.013847589492798, -3.0179386138916016, -2.008676528930664, -2.011601209640503, 1.5645956993103027, 2.0104687213897705, 2.003251552581787, 3.009476661682129, -0.38413405418395996]
0.27130280593252837;24.247276306152344;[-1.0201233625411987, -1.0191694498062134, 1.02194344997406, 0.3633538484573364, -3.0322265625, -2.0228779315948486, -1.9822605848312378, 1.5793143510818481, -3.0193400382995605, 2.032578945159912, 0.9956981539726257, -2.0176000595092773, -3.019219160079956, 3.011178970336914, 3.0201010704040527, -3.0239949226379395, -3.0280921459198, -2.018937587738037, -2.0214152336120605, 1.5720385313034058, 2.020434617996216, 2.014968156814575, 3.0195140838623047, -0.37843000888824463]
0.27066488990751075;24.33689308166504;[-1.0301015377044678, -1.029348373413086, 1.0320043563842773, 0.36959218978881836, -3.0420565605163574, -2.0315968990325928, -1.992321252822876, 1.5864193439483643, -3.029353618621826, 2.0428240299224854, 0.998278021812439, -2.0275206565856934, -3.0292088985443115, 3.0208823680877686, 3.0301647186279297, -3.034127712249756, -3.038224935531616, -2.0291731357574463, -2.031243324279785, 1.5796314477920532, 2.030400514602661, 2.0264878273010254, 3.0295515060424805, -0.3727557361125946]
0.2700316142237219;24.4265193939209;[-1.040085792541504, -1.0395095348358154, 1.0420582294464111, 0.375787615776062, -3.0519046783447266, -2.0404186248779297, -2.002373456954956, 1.5936347246170044, -3.0393662452697754, 2.053042411804199, 1.0009762048721313, -2.0374488830566406, -3.039198637008667, 3.030611991882324, 3.0402259826660156, -3.044248342514038, -3.048349142074585, -2.0393853187561035, -2.0410900115966797, 1.5872797966003418, 2.0403664112091064, 2.037832021713257, 3.0395889282226562, -0.3671325743198395]
0.26940262473368654;24.516178131103516;[-1.0500743389129639, -1.0496561527252197, 1.052107572555542, 0.3819892704486847, -3.061765670776367, -2.0493290424346924, -2.012401580810547, 1.6008549928665161, -3.049376964569092, 2.0632593631744385, 1.0037610530853271, -2.0473828315734863, -3.0491883754730225, 3.040358543395996, 3.0502872467041016, -3.0543577671051025, -3.058458089828491, -2.0495781898498535, -2.0509531497955322, 1.5951303243637085, 2.050335168838501, 2.0490331649780273, 3.049626350402832, -0.3615674674510956]
0.2687778400823687;24.60584831237793;[-1.0600640773773193, -1.0597889423370361, 1.0621544122695923, 0.38814714550971985, -3.0716378688812256, -2.0583279132843018, -2.0224227905273438, 1.6081695556640625, -3.059384346008301, 2.0734574794769287, 1.0066667795181274, -2.0573229789733887, -3.059178113937378, 3.0501270294189453, 3.0603461265563965, -3.0644569396972656, -3.0685620307922363, -2.0597543716430664, -2.060823678970337, 1.6030523777008057, 2.0603201389312744, 2.060102701187134, 3.059650421142578, -0.3560273051261902]
0.2681582132273706;24.695524215698242;[-1.0700538158416748, -1.0699087381362915, 1.0721919536590576, 0.3941827416419983, -3.0815234184265137, -2.067408800125122, -2.032440662384033, 1.6155869960784912, -3.069387197494507, 2.083634853363037, 1.009701132774353, -2.0672671794891357, -3.0691678524017334, 3.059915781021118, 3.070387601852417, -3.074547529220581, -3.0786471366882324, -2.0699102878570557, -2.070711851119995, 1.6110328435897827, 2.07030987739563, 2.0710549354553223, 3.0696640014648438, -0.35042738914489746]
0.2675429195483687;24.78521156311035;[-1.0800435543060303, -1.080017328262329, 1.0822292566299438, 0.4002467393875122, -3.0914194583892822, -2.0765650272369385, -2.0424461364746094, 1.6230640411376953, -3.0793845653533936, 2.0938024520874023, 1.012852430343628, -2.077218770980835, -3.079157590866089, 3.0697200298309326, 3.0804250240325928, -3.084629535675049, -3.0887322425842285, -2.0800530910491943, -2.08060622215271, 1.6191308498382568, 2.0802996158599854, 2.0819091796875, 3.0796775817871094, -0.3449022173881531]
0.2669314872735897;24.87490463256836;[-1.0900332927703857, -1.090116024017334, 1.0922646522521973, 0.40630903840065, -3.1013216972351074, -2.085787534713745, -2.052438974380493, 1.6305761337280273, -3.089374303817749, 2.10396671295166, 1.0161160230636597, -2.087174654006958, -3.0891473293304443, 3.079538583755493, 3.0904624462127686, -3.0947036743164062, -3.0988059043884277, -2.0901827812194824, -2.0905117988586426, 1.6273754835128784, 2.090289354324341, 2.0926754474639893, 3.089691162109375, -0.339409202337265]
0.2663238853920177;24.964632034301758;[-1.1000230312347412, -1.1002051830291748, 1.1022943258285522, 0.4123851954936981, -3.111236572265625, -2.0950801372528076, -2.062425374984741, 1.6381521224975586, -3.0993640422821045, 2.1141231060028076, 1.019504189491272, -2.0971338748931885, -3.0991370677948, 3.0893688201904297, 3.1004998683929443, -3.1047704219818115, -3.1088671684265137, -2.1003003120422363, -2.1004300117492676, 1.635729193687439, 2.1002790927886963, 2.103365659713745, 3.0997047424316406, -0.3339662551879883]
0.2657220143498307;25.054391860961914;[-1.1100127696990967, -1.1102873086929321, 1.112319827079773, 0.41835564374923706, -3.121157646179199, -2.1044230461120605, -2.0724031925201416, 1.645771861076355, -3.10935378074646, 2.1242761611938477, 1.0230133533477783, -2.10709547996521, -3.1091268062591553, 3.099212646484375, 3.11053729057312, -3.1148319244384766, -3.1189284324645996, -2.1104066371917725, -2.1103482246398926, 1.6442155838012695, 2.1102688312530518, 2.1139907836914062, 3.1097183227539062, -0.32844141125679016]
0.2651237888917749;25.14418601989746;[-1.1200025081634521, -1.1203596591949463, 1.1223453283309937, 0.424351304769516, -3.1310813426971436, -2.113823413848877, -2.082376718521118, 1.6534682512283325, -3.1193435192108154, 2.13441801071167, 1.0266599655151367, -2.1170620918273926, -3.1191165447235107, 3.1090662479400635, 3.1205732822418213, -3.1248865127563477, -3.1289896965026855, -2.1205058097839355, -2.1202762126922607, 1.652788758277893, 2.1202585697174072, 2.124553680419922, 3.119731903076172, -0.32297536730766296]
0.26452989035182545;25.234010696411133;[-1.1299922466278076, -1.1304268836975098, 1.1323702335357666, 0.43032535910606384, -3.141019105911255, -2.1232755184173584, -2.0923402309417725, 1.6611934900283813, -3.129333257675171, 2.144562244415283, 1.0304272174835205, -2.127031087875366, -3.129106283187866, 3.118932008743286, 3.130605936050415, -3.134936809539795, -3.139035940170288, -2.1305906772613525, -2.130218267440796, 1.661514163017273, 2.1302483081817627, 2.135066270828247, 3.1297454833984375, -0.3175030052661896]
0.2639396127622054;25.323863983154297;[-1.139981985092163, -1.140486717224121, 1.1423935890197754, 0.4363163709640503, -3.1509616374969482, -2.1327764987945557, -2.102306842803955, 1.6690237522125244, -3.1393229961395264, 2.154690980911255, 1.0343499183654785, -2.1370043754577637, -3.1390960216522217, 3.1288068294525146, 3.140624761581421, -3.1449832916259766, -3.149073362350464, -2.1406729221343994, -2.140160322189331, 1.6702914237976074, 2.140238046646118, 2.1455276012420654, 3.139759063720703, -0.3120793104171753]
0.26335392810609826;25.41375732421875;[-1.1499749422073364, -1.1505440473556519, 1.1524120569229126, 0.442243367433548, -3.1609063148498535, -2.1423192024230957, -2.112271547317505, 1.676940679550171, -3.149312734603882, 2.1648125648498535, 1.0384236574172974, -2.146980047225952, -3.149085760116577, 3.13869571685791, 3.1506383419036865, -3.1550252437591553, -3.1591107845306396, -2.150750160217285, -2.150102376937866, 1.6791495084762573, 2.1502277851104736, 2.155942440032959, 3.1497726440429688, -0.3066158890724182]
0.26277192757440876;25.50368309020996;[-1.1599737405776978, -1.1605926752090454, 1.1624256372451782, 0.44827336072921753, -3.170850992202759, -2.151895046234131, -2.122220516204834, 1.684829831123352, -3.1593024730682373, 2.1749465465545654, 1.0425996780395508, -2.1569571495056152, -3.1590754985809326, 3.1485812664031982, 3.160651922225952, -3.16506290435791, -3.1691482067108154, -2.160811424255371, -2.160050630569458, 1.6882271766662598, 2.160217523574829, 2.1663191318511963, 3.1597862243652344, -0.30125126242637634]
0.26219473656832815;25.593656539916992;[-1.1699738502502441, -1.1706405878067017, 1.1724392175674438, 0.45419514179229736, -3.180799961090088, -2.161510467529297, -2.132167100906372, 1.6928023099899292, -3.1692922115325928, 2.185074806213379, 1.0469297170639038, -2.1669371128082275, -3.169065237045288, 3.1584761142730713, 3.1706655025482178, -3.175098180770874, -3.179185628890991, -2.1708717346191406, -2.1700165271759033, 1.6973910331726074, 2.1702072620391846, 2.1766655445098877, 3.1697998046875, -0.2957953214645386]
0.2616216546572354;25.68366813659668;[-1.1799744367599487, -1.1806833744049072, 1.1824527978897095, 0.46014273166656494, -3.190765857696533, -2.171159505844116, -2.1421191692352295, 1.7008970975875854, -3.1792819499969482, 2.195188283920288, 1.0514353513717651, -2.1769182682037354, -3.1790549755096436, 3.168381929397583, 3.1806790828704834, -3.185129404067993, -3.189223051071167, -2.1809306144714355, -2.1799824237823486, 1.7065948247909546, 2.18019700050354, 2.1869733333587646, 3.1798133850097656, -0.29039034247398376]
0.26105380279605306;25.773727416992188;[-1.1899760961532593, -1.190720796585083, 1.192466378211975, 0.4660378098487854, -3.2007317543029785, -2.18083119392395, -2.152052879333496, 1.7088923454284668, -3.1892716884613037, 2.205327033996582, 1.05600905418396, -2.1868996620178223, -3.189044713973999, 3.178278923034668, 3.190692663192749, -3.195160150527954, -3.1992533206939697, -2.190988540649414, -2.189948320388794, 1.7161157131195068, 2.1901867389678955, 2.197265863418579, 3.1898269653320312, -0.28490209579467773]
0.2604885279863117;25.863821029663086;[-1.1999777555465698, -1.2007582187652588, 1.2024799585342407, 0.47197869420051575, -3.210697650909424, -2.1905345916748047, -2.161994695663452, 1.7170277833938599, -3.199261426925659, 2.215458393096924, 1.0607647895812988, -2.196882724761963, -3.1990344524383545, 3.188197135925293, 3.2007062435150146, -3.205186605453491, -3.2092669010162354, -2.20102596282959, -2.1999142169952393, 1.7256804704666138, 2.200176477432251, 2.2075300216674805, 3.199840545654297, -0.27948275208473206]
0.2599274637151013;25.95396614074707;[-1.2099794149398804, -1.2107932567596436, 1.2124935388565063, 0.47793155908584595, -3.220663547515869, -2.2002651691436768, -2.1719367504119873, 1.725297451019287, -3.2092511653900146, 2.2255682945251465, 1.0657058954238892, -2.2068676948547363, -3.20902419090271, 3.198115348815918, 3.2107198238372803, -3.215210199356079, -3.219280481338501, -2.2110633850097656, -2.2098801136016846, 1.7352839708328247, 2.2101662158966064, 2.217768430709839, 3.2098541259765625, -0.2740972936153412]
0.2593705511098843;26.044147491455078;[-1.219981074333191, -1.2208187580108643, 1.222507119178772, 0.48382532596588135, -3.2306294441223145, -2.210020065307617, -2.181879758834839, 1.7336944341659546, -3.21924090385437, 2.2356770038604736, 1.0708351135253906, -2.216853618621826, -3.2190139293670654, 3.2080368995666504, 3.220733404159546, -3.2252321243286133, -3.2292940616607666, -2.2211008071899414, -2.21984601020813, 1.7449235916137695, 2.220155954360962, 2.2279834747314453, 3.219867706298828, -0.26866769790649414]
0.2588164162723671;26.134376525878906;[-1.2299827337265015, -1.230844259262085, 1.2325206995010376, 0.4897630214691162, -3.2405953407287598, -2.2197964191436768, -2.1918325424194336, 1.742211937904358, -3.2292306423187256, 2.2457659244537354, 1.076154351234436, -2.2268409729003906, -3.229003667831421, 3.2179789543151855, 3.2307469844818115, -3.2352516651153564, -3.2393076419830322, -2.231138229370117, -2.229811906814575, 1.754595398902893, 2.2301456928253174, 2.23817777633667, 3.2298812866210938, -0.26330140233039856]
0.2582658171708679;26.22464942932129;[-1.239984393119812, -1.2408697605133057, 1.2425342798233032, 0.4956412613391876, -3.250561237335205, -2.229595422744751, -2.2017953395843506, 1.750842571258545, -3.239220380783081, 2.2558510303497314, 1.081664800643921, -2.236828565597534, -3.2389934062957764, 3.2279210090637207, 3.240760564804077, -3.245269536972046, -3.249321222305298, -2.241175651550293, -2.239798069000244, 1.764297604560852, 2.240135431289673, 2.248354911804199, 3.2398948669433594, -0.25788944959640503]
0.2577196234903452;26.314958572387695;[-1.2499860525131226, -1.2508952617645264, 1.2525385618209839, 0.5014991164207458, -3.260542869567871, -2.239413261413574, -2.211760997772217, 1.7595804929733276, -3.2492101192474365, 2.265932559967041, 1.0873676538467407, -2.246816873550415, -3.248983144760132, 3.237863063812256, 3.2507741451263428, -3.255286693572998, -3.2593348026275635, -2.2512130737304688, -2.2497878074645996, 1.77402663230896, 2.2501251697540283, 2.258511543273926, 3.249908447265625, -0.2524701952934265]
0.25717748131013646;26.405302047729492;[-1.259987711906433, -1.2609156370162964, 1.2625402212142944, 0.5073908567428589, -3.2705326080322266, -2.249246835708618, -2.221726894378662, 1.7684181928634644, -3.259199857711792, 2.2759954929351807, 1.093263030052185, -2.256807804107666, -3.2589728832244873, 3.247805118560791, 3.2607877254486084, -3.2653005123138428, -3.269348382949829, -2.2612366676330566, -2.259777545928955, 1.7837803363800049, 2.260114908218384, 2.26865291595459, 3.2599220275878906, -0.24709847569465637]
0.2566383758873846;26.49567985534668;[-1.2699893712997437, -1.270929217338562, 1.272541880607605, 0.5132604837417603, -3.280522346496582, -2.2590935230255127, -2.2316927909851074, 1.777349829673767, -3.2691895961761475, 2.2860567569732666, 1.0993503332138062, -2.2668004035949707, -3.2689626216888428, 3.2577691078186035, 3.270801305770874, -3.2753140926361084, -3.2793619632720947, -2.2712502479553223, -2.2697672843933105, 1.793556809425354, 2.2701046466827393, 2.2787857055664062, 3.2699356079101562, -0.24171438813209534]
0.25610161061697906;26.586084365844727;[-1.2799910306930542, -1.2809427976608276, 1.2825435400009155, 0.5191847681999207, -3.2905120849609375, -2.268960952758789, -2.2416586875915527, 1.786368727684021, -3.279179334640503, 2.2961177825927734, 1.1056287288665771, -2.2767951488494873, -3.2789523601531982, 3.267735004425049, 3.2808148860931396, -3.2853238582611084, -3.2893755435943604, -2.281263828277588, -2.279757022857666, 1.8033535480499268, 2.2800943851470947, 2.2888975143432617, 3.279949188232422, -0.23639757931232452]
0.2555688692745223;26.67653465270996;[-1.2899926900863647, -1.2909563779830933, 1.292545199394226, 0.5250131487846375, -3.300501823425293, -2.2788314819335938, -2.2516274452209473, 1.7954684495925903, -3.2891690731048584, 2.3061745166778564, 1.1120964288711548, -2.2867884635925293, -3.2889420986175537, 3.277700901031494, 3.2908284664154053, -3.2953333854675293, -3.299389123916626, -2.2912774085998535, -2.2897467613220215, 1.8131697177886963, 2.29008412361145, 2.299006462097168, 3.2899627685546875, -0.23099175095558167]
0.25503848850863525;26.76700782775879;[-1.2999943494796753, -1.3009699583053589, 1.3025468587875366, 0.5309047698974609, -3.3104915618896484, -2.2887253761291504, -2.2616026401519775, 1.8046437501907349, -3.299158811569214, 2.3162128925323486, 1.118751049041748, -2.296783924102783, -3.298931837081909, 3.2876667976379395, 3.300842046737671, -3.3053410053253174, -3.3094027042388916, -2.301290988922119, -2.299736499786377, 1.8230018615722656, 2.3000738620758057, 2.309098243713379, 3.299976348876953, -0.2256598025560379]
0.2545111147787925;26.857519149780273;[-1.3099960088729858, -1.3109835386276245, 1.3125485181808472, 0.5367724299430847, -3.320481300354004, -2.2986197471618652, -2.2715840339660645, 1.8138887882232666, -3.3091485500335693, 2.3262503147125244, 1.1255894899368286, -2.306777238845825, -3.3089215755462646, 3.2976326942443848, 3.3108556270599365, -3.315349578857422, -3.3194162845611572, -2.3113045692443848, -2.3097262382507324, 1.8328510522842407, 2.310063600540161, 2.319183349609375, 3.3099899291992188, -0.22031334042549133]
0.25398689447567807;26.948057174682617;[-1.3199976682662964, -1.3209971189498901, 1.3225501775741577, 0.5425705313682556, -3.3304710388183594, -2.30853009223938, -2.281571626663208, 1.8231985569000244, -3.319138288497925, 2.3362877368927, 1.13260817527771, -2.316772222518921, -3.31891131401062, 3.30759859085083, 3.320869207382202, -3.325357675552368, -3.329429864883423, -2.3213181495666504, -2.319715976715088, 1.8427138328552246, 2.3200533390045166, 2.329268455505371, 3.3200035095214844, -0.21489956974983215]
0.25346471116268604;27.03862953186035;[-1.329999327659607, -1.3310106992721558, 1.3325518369674683, 0.5484422445297241, -3.340460777282715, -2.318448305130005, -2.291560173034668, 1.8325681686401367, -3.3291280269622803, 2.346325159072876, 1.1398024559020996, -2.326767683029175, -3.3289010524749756, 3.3175644874572754, 3.3308827877044678, -3.3353641033172607, -3.3394434452056885, -2.331331729888916, -2.3297057151794434, 1.85258948802948, 2.330043077468872, 2.3393309116363525, 3.33001708984375, -0.20956961810588837]
0.2529451828695613;27.12922477722168;[-1.3400009870529175, -1.3410242795944214, 1.3425534963607788, 0.554289698600769, -3.3504505157470703, -2.32836651802063, -2.3015499114990234, 1.8419926166534424, -3.3391177654266357, 2.3563625812530518, 1.1471681594848633, -2.3367645740509033, -3.338890790939331, 3.327543258666992, 3.3408963680267334, -3.345369338989258, -3.349457025527954, -2.3413453102111816, -2.339695453643799, 1.8624764680862427, 2.3400328159332275, 2.3493921756744385, 3.340024709701538, -0.20421940088272095]
0.25242792397741526;27.219839096069336;[-1.350002646446228, -1.351037859916687, 1.3525551557540894, 0.5601357817649841, -3.360440254211426, -2.338300943374634, -2.3115394115448, 1.8514677286148071, -3.349107503890991, 2.366396903991699, 1.1546993255615234, -2.346761703491211, -3.3488805294036865, 3.3375329971313477, 3.3509092330932617, -3.355374336242676, -3.3594706058502197, -2.3513588905334473, -2.3496851921081543, 1.8723734617233276, 2.350022554397583, 2.3594534397125244, 3.350015640258789, -0.19887486100196838]
0.2519134410611611;27.310468673706055;[-1.3600043058395386, -1.3610401153564453, 1.3625568151474, 0.5659825801849365, -3.3704299926757812, -2.348242998123169, -2.3215291500091553, 1.8609888553619385, -3.3590972423553467, 2.37641978263855, 1.1623908281326294, -2.3567588329315186, -3.358870267868042, 3.347522735595703, 3.3609228134155273, -3.3653781414031982, -3.3694841861724854, -2.361372470855713, -2.3596749305725098, 1.8822797536849976, 2.3600122928619385, 2.369514226913452, 3.3600053787231445, -0.1935344636440277]
0.2514021153271905;27.401121139526367;[-1.3700059652328491, -1.3710417747497559, 1.3725584745407104, 0.5718235373497009, -3.3804197311401367, -2.358185052871704, -2.3315188884735107, 1.8705532550811768, -3.369086980819702, 2.3864333629608154, 1.1702359914779663, -2.366755962371826, -3.3688600063323975, 3.3575124740600586, 3.370936155319214, -3.3753819465637207, -3.379497766494751, -2.3713860511779785, -2.3696646690368652, 1.8921971321105957, 2.370002031326294, 2.379551649093628, 3.3699951171875, -0.18819282948970795]
0.2508935899674679;27.491792678833008;[-1.3800076246261597, -1.3810434341430664, 1.382560133934021, 0.5776525139808655, -3.390409469604492, -2.3681271076202393, -2.341508626937866, 1.8801565170288086, -3.3790767192840576, 2.396446943283081, 1.1782289743423462, -2.376753091812134, -3.378849744796753, 3.367502212524414, 3.380945920944214, -3.385385513305664, -3.3895113468170166, -2.381399631500244, -2.3796544075012207, 1.902120590209961, 2.3799917697906494, 2.3895890712738037, 3.3799848556518555, -0.18284504115581512]
0.2503873947938034;27.582483291625977;[-1.3900092840194702, -1.391045093536377, 1.3925617933273315, 0.5835020542144775, -3.4003992080688477, -2.378080368041992, -2.3514983654022217, 1.8897954225540161, -3.389066457748413, 2.4064605236053467, 1.1863631010055542, -2.3867504596710205, -3.3888394832611084, 3.3774919509887695, 3.3909530639648438, -3.395388126373291, -3.3995249271392822, -2.3914132118225098, -2.389644145965576, 1.912050724029541, 2.389981508255005, 2.3996264934539795, 3.389974594116211, -0.17752215266227722]
0.2498839044198823;27.673200607299805;[-1.4000109434127808, -1.4010467529296875, 1.402563452720642, 0.5893350839614868, -3.410388946533203, -2.3880462646484375, -2.361488103866577, 1.899466872215271, -3.3990561962127686, 2.4164741039276123, 1.1946313381195068, -2.3967483043670654, -3.398829221725464, 3.387481689453125, 3.4009578227996826, -3.405391216278076, -3.409538507461548, -2.4014267921447754, -2.3996338844299316, 1.9219892024993896, 2.3999712467193604, 2.4096639156341553, 3.3999643325805664, -0.17218559980392456]
0.24938334057124742;27.763925552368164;[-1.4100126028060913, -1.411048412322998, 1.4125651121139526, 0.595147967338562, -3.4203786849975586, -2.398012161254883, -2.3714778423309326, 1.9091688394546509, -3.409045934677124, 2.426487684249878, 1.2030268907546997, -2.406745672225952, -3.4088189601898193, 3.3974714279174805, 3.4109597206115723, -3.4153940677642822, -3.4195520877838135, -2.411440372467041, -2.409623622894287, 1.9319312572479248, 2.409960985183716, 2.419701337814331, 3.409954071044922, -0.16682930290699005]
0.24888525647649956;27.854665756225586;[-1.4200142621994019, -1.4210500717163086, 1.4225667715072632, 0.6009843349456787, -3.430368423461914, -2.407978057861328, -2.381467580795288, 1.9188975095748901, -3.4190356731414795, 2.4365012645721436, 1.2115429639816284, -2.416743040084839, -3.418808698654175, 3.407461166381836, 3.4209587574005127, -3.4253957271575928, -3.429565668106079, -2.4214539527893066, -2.4196133613586426, 1.9418808221817017, 2.4199507236480713, 2.429738759994507, 3.4199438095092773, -0.16150206327438354]
0.24838959357460802;27.945425033569336;[-1.4300159215927124, -1.4310517311096191, 1.4325684309005737, 0.60686194896698, -3.4403581619262695, -2.4179439544677734, -2.3914573192596436, 1.9286513328552246, -3.429025411605835, 2.446514844894409, 1.220172643661499, -2.426741600036621, -3.4287984371185303, 3.4174509048461914, 3.430955171585083, -3.435397148132324, -3.4395792484283447, -2.4314675331115723, -2.429603099822998, 1.951834797859192, 2.4299404621124268, 2.4397644996643066, 3.429933547973633, -0.15622065961360931]
0.24789688569162582;28.036191940307617;[-1.440017580986023, -1.4410533905029297, 1.4425700902938843, 0.6127085089683533, -3.450347900390625, -2.4279098510742188, -2.401447057723999, 1.9384276866912842, -3.4390151500701904, 2.456528425216675, 1.2289091348648071, -2.4367401599884033, -3.4387881755828857, 3.427440643310547, 3.4409515857696533, -3.44539737701416, -3.4495911598205566, -2.441481113433838, -2.4395928382873535, 1.9617888927459717, 2.4399302005767822, 2.4497780799865723, 3.4399232864379883, -0.15091060101985931]
0.24740720214375142;28.126977920532227;[-1.4500192403793335, -1.4510550498962402, 1.4525717496871948, 0.6184982657432556, -3.4603376388549805, -2.437875747680664, -2.4114367961883545, 1.948224425315857, -3.449004888534546, 2.4665420055389404, 1.237745761871338, -2.4467384815216064, -3.448777914047241, 3.4374303817749023, 3.4509475231170654, -3.45539927482605, -3.459594488143921, -2.4514946937561035, -2.449582576751709, 1.971754550933838, 2.4499199390411377, 2.459791660308838, 3.4499130249023438, -0.14554357528686523]
0.2469199114207962;28.217771530151367;[-1.460020899772644, -1.4610567092895508, 1.4625734090805054, 0.6242994070053101, -3.470327377319336, -2.4478442668914795, -2.42142653465271, 1.958040714263916, -3.4589946269989014, 2.476555585861206, 1.246675729751587, -2.4567365646362305, -3.4587676525115967, 3.447420120239258, 3.460937738418579, -3.4654014110565186, -3.469589948654175, -2.461508274078369, -2.4595723152160645, 1.9817204475402832, 2.459909677505493, 2.4698052406311035, 3.459902763366699, -0.1401880383491516]
0.24643422689595443;28.308576583862305;[-1.4700225591659546, -1.4710583686828613, 1.472575068473816, 0.630164623260498, -3.4803171157836914, -2.4578332901000977, -2.4314162731170654, 1.9678726196289062, -3.468984365463257, 2.4865691661834717, 1.2556935548782349, -2.46673583984375, -3.468757390975952, 3.4574098587036133, 3.47092866897583, -3.4754018783569336, -3.479581356048584, -2.4715218544006348, -2.46956205368042, 1.9916863441467285, 2.4698994159698486, 2.479818820953369, 3.4698925018310547, -0.13490264117717743]
0.2459520200393913;28.39939308166504;[-1.4800242185592651, -1.4810600280761719, 1.4825767278671265, 0.6359517574310303, -3.490306854248047, -2.467823028564453, -2.44140625, 1.9777218103408813, -3.4789741039276123, 2.4965827465057373, 1.2647922039031982, -2.476733684539795, -3.4787471294403076, 3.4673995971679688, 3.480919361114502, -3.485403299331665, -3.4895713329315186, -2.4815354347229004, -2.4795517921447754, 2.0016555786132812, 2.479889154434204, 2.4898324012756348, 3.47988224029541, -0.12953728437423706]
0.2454722284179767;28.49021339416504;[-1.4900258779525757, -1.4910616874694824, 1.492578387260437, 0.6417701244354248, -3.5002965927124023, -2.4778127670288086, -2.4513967037200928, 1.9875847101211548, -3.4889638423919678, 2.506596326828003, 1.2739664316177368, -2.486731767654419, -3.488736867904663, 3.477389335632324, 3.4909095764160156, -3.4954044818878174, -3.499561071395874, -2.491549015045166, -2.489541530609131, 2.0116214752197266, 2.4898788928985596, 2.4998459815979004, 3.4898719787597656, -0.12420648336410522]
0.2449948060059313;28.581045150756836;[-1.5000275373458862, -1.501063346862793, 1.5025800466537476, 0.6476392149925232, -3.510286331176758, -2.487802505493164, -2.4613864421844482, 1.9974603652954102, -3.4989535808563232, 2.5166096687316895, 1.2832106351852417, -2.4967308044433594, -3.4987266063690186, 3.4873790740966797, 3.500899314880371, -3.5054056644439697, -3.5095508098602295, -2.5015625953674316, -2.4995312690734863, 2.0215888023376465, 2.499868631362915, 2.509859561920166, 3.499861717224121, -0.1189294382929802]
0.2445211596191937;28.67188835144043;[-1.5100291967391968, -1.5110650062561035, 1.512581706047058, 0.6534232497215271, -3.5202760696411133, -2.4977922439575195, -2.4713776111602783, 2.0073516368865967, -3.5089433193206787, 2.5266225337982178, 1.292519211769104, -2.5067296028137207, -3.508716344833374, 3.497368812561035, 3.5108892917633057, -3.5154056549072266, -3.519540548324585, -2.5115761756896973, -2.509521007537842, 2.0315775871276855, 2.5098583698272705, 2.5198731422424316, 3.5098514556884766, -0.11356551200151443]
0.24404982217141133;28.762739181518555;[-1.5200308561325073, -1.521066665649414, 1.5225833654403687, 0.6592525839805603, -3.5302658081054688, -2.507781982421875, -2.481368064880371, 2.0172460079193115, -3.518933057785034, 2.536635398864746, 1.3018878698349, -2.516728162765503, -3.5187060832977295, 3.5073585510253906, 3.5208792686462402, -3.5254063606262207, -3.5295302867889404, -2.521589756011963, -2.5195107460021973, 2.041567325592041, 2.519848108291626, 2.5298867225646973, 3.519841194152832, -0.1082497164607048]
0.24358164003554791;28.85359764099121;[-1.5300325155258179, -1.5310683250427246, 1.5325850248336792, 0.665057897567749, -3.540255546569824, -2.5177717208862305, -2.491360902786255, 2.027155637741089, -3.5289227962493896, 2.5466463565826416, 1.3113113641738892, -2.5267274379730225, -3.528695821762085, 3.517348289489746, 3.5308690071105957, -3.5354063510894775, -3.539520025253296, -2.531599998474121, -2.5295004844665527, 2.0515570640563965, 2.5298378467559814, 2.539900302886963, 3.5298309326171875, -0.1029110699892044]
0.24311668386780158;28.944448471069336;[-1.5400341749191284, -1.5410699844360352, 1.5425866842269897, 0.6708676815032959, -3.5502452850341797, -2.527761459350586, -2.501352310180664, 2.037073850631714, -3.538912534713745, 2.5566585063934326, 1.3207855224609375, -2.536726951599121, -3.5386855602264404, 3.5273380279541016, 3.540858745574951, -3.54540753364563, -3.5495097637176514, -2.541590690612793, -2.539490222930908, 2.061546802520752, 2.539827585220337, 2.5499138832092285, 3.539820671081543, -0.09757661074399948]
0.24265427324595257;29.035310745239258;[-1.550035834312439, -1.5510716438293457, 1.5525883436203003, 0.6766993403434753, -3.560235023498535, -2.5377511978149414, -2.511343240737915, 2.046992063522339, -3.5489022731781006, 2.5666699409484863, 1.330305814743042, -2.5467262268066406, -3.548675298690796, 3.537327766418457, 3.5508484840393066, -3.555408000946045, -3.559499502182007, -2.5515804290771484, -2.5494799613952637, 2.0715365409851074, 2.5498173236846924, 2.559927463531494, 3.5498104095458984, -0.09226647019386292]
0.24219501970203877;29.126176834106445;[-1.5600374937057495, -1.5610733032226562, 1.5625900030136108, 0.6825161576271057, -3.5702247619628906, -2.547740936279297, -2.5213332176208496, 2.0569260120391846, -3.558892011642456, 2.5766801834106445, 1.339869499206543, -2.55672550201416, -3.5586650371551514, 3.5473175048828125, 3.560838222503662, -3.565408945083618, -3.5694892406463623, -2.561570167541504, -2.559469699859619, 2.081526279449463, 2.559807062149048, 2.5699410438537598, 3.559800148010254, -0.08694026619195938]
0.2417385904618771;29.2170467376709;[-1.57003915309906, -1.5710749626159668, 1.5725916624069214, 0.6883333921432495, -3.580214500427246, -2.5577306747436523, -2.531325101852417, 2.0668680667877197, -3.5688817501068115, 2.586688280105591, 1.3494720458984375, -2.5667240619659424, -3.568654775619507, 3.557307243347168, 3.5708279609680176, -3.575409412384033, -3.5794789791107178, -2.5715599060058594, -2.5694594383239746, 2.0915160179138184, 2.5697968006134033, 2.5799546241760254, 3.5697898864746094, -0.0816163644194603]
0.2412848596936293;29.307920455932617;[-1.5800408124923706, -1.5810766220092773, 1.582593321800232, 0.6941615343093872, -3.5902042388916016, -2.567720413208008, -2.5413172245025635, 2.076810121536255, -3.578871488571167, 2.5966944694519043, 1.3591101169586182, -2.576723575592041, -3.5786445140838623, 3.5672969818115234, 3.580817699432373, -3.5854101181030273, -3.5894687175750732, -2.581549644470215, -2.57944917678833, 2.101505756378174, 2.579786539077759, 2.589968204498291, 3.579779624938965, -0.0763043686747551]
0.24083366283819066;29.398794174194336;[-1.5900424718856812, -1.591078281402588, 1.5925949811935425, 0.7000129222869873, -3.600193977355957, -2.5777101516723633, -2.5513103008270264, 2.08675217628479, -3.5888612270355225, 2.606698989868164, 1.3687808513641357, -2.5867228507995605, -3.5886342525482178, 3.577286720275879, 3.5908074378967285, -3.595409631729126, -3.5994584560394287, -2.5915393829345703, -2.5894389152526855, 2.1114954948425293, 2.5897762775421143, 2.5999817848205566, 3.5897693634033203, -0.07101807743310928]
0.24038601867636258;29.489675521850586;[-1.6000441312789917, -1.6010799407958984, 1.602596640586853, 0.7057924270629883, -3.6101837158203125, -2.5876998901367188, -2.561305046081543, 2.096705675125122, -3.598850965499878, 2.6167027950286865, 1.3784822225570679, -2.5967228412628174, -3.5986239910125732, 3.5872764587402344, 3.600797176361084, -3.605410099029541, -3.609448194503784, -2.601529121398926, -2.599428653717041, 2.1214852333068848, 2.5997660160064697, 2.6099953651428223, 3.599759101867676, -0.06565643101930618]
0.23994121564392684;29.580564498901367;[-1.6100457906723022, -1.611081600189209, 1.6125982999801636, 0.7115980982780457, -3.620173454284668, -2.597689628601074, -2.571296215057373, 2.1066715717315674, -3.6088407039642334, 2.6267056465148926, 1.388210415840149, -2.606722116470337, -3.6086137294769287, 3.59726619720459, 3.6107869148254395, -3.6154115200042725, -3.6194379329681396, -2.6115188598632812, -2.6094183921813965, 2.1314749717712402, 2.609755754470825, 2.620008945465088, 3.6097488403320312, -0.06032181903719902]
0.23949901848598246;29.67145347595215;[-1.6200474500656128, -1.6210832595825195, 1.6225999593734741, 0.7174134850502014, -3.6301631927490234, -2.6076793670654297, -2.581289768218994, 2.1166374683380127, -3.618830442428589, 2.636707305908203, 1.397963285446167, -2.6167211532592773, -3.618603467941284, 3.6072559356689453, 3.620776653289795, -3.6254115104675293, -3.629427671432495, -2.6215085983276367, -2.619408130645752, 2.1414647102355957, 2.6197454929351807, 2.6300225257873535, 3.6197385787963867, -0.05499902740120888]
0.2390596029591799;29.762346267700195;[-1.6300491094589233, -1.63108491897583, 1.6326016187667847, 0.7232268452644348, -3.640152931213379, -2.617669105529785, -2.5912837982177734, 2.126603364944458, -3.6288201808929443, 2.6467084884643555, 1.4077394008636475, -2.626720666885376, -3.6285932064056396, 3.617245674133301, 3.6307663917541504, -3.6354122161865234, -3.6394174098968506, -2.631498336791992, -2.6293978691101074, 2.151454448699951, 2.629735231399536, 2.640036106109619, 3.629728317260742, -0.04967426881194115]
0.23862285642525702;29.853235244750977;[-1.6400507688522339, -1.6410865783691406, 1.6426032781600952, 0.7290592193603516, -3.6501426696777344, -2.6276588439941406, -2.6012766361236572, 2.1365692615509033, -3.6388099193573, 2.656708002090454, 1.4175351858139038, -2.6367201805114746, -3.638582944869995, 3.6272354125976562, 3.640756130218506, -3.6454124450683594, -3.649407148361206, -2.6414880752563477, -2.639387607574463, 2.1614441871643066, 2.6397249698638916, 2.6500496864318848, 3.6397180557250977, -0.04436912015080452]
0.23818905873421134;29.944128036499023;[-1.6500524282455444, -1.6510882377624512, 1.6526049375534058, 0.7348599433898926, -3.66013240814209, -2.637648582458496, -2.611271619796753, 2.1465351581573486, -3.6487996578216553, 2.6667070388793945, 1.4273513555526733, -2.646719217300415, -3.6485726833343506, 3.6372251510620117, 3.6507458686828613, -3.6554131507873535, -3.6593968868255615, -2.651477813720703, -2.6493773460388184, 2.171433925628662, 2.649714708328247, 2.6600632667541504, 3.649707794189453, -0.03903232887387276]
0.23775798019728825;30.035024642944336;[-1.660054087638855, -1.6610898971557617, 1.6626065969467163, 0.7406715154647827, -3.6701221466064453, -2.6476383209228516, -2.6212658882141113, 2.156501054763794, -3.6587893962860107, 2.6767051219940186, 1.4371827840805054, -2.6567184925079346, -3.658562421798706, 3.647214889526367, 3.660735607147217, -3.6654138565063477, -3.669386625289917, -2.6614675521850586, -2.659367084503174, 2.1814236640930176, 2.6597044467926025, 2.670076847076416, 3.6596975326538086, -0.033706288784742355]
0.23732947318965736;30.125925064086914;[-1.6700557470321655, -1.6710915565490723, 1.6726082563400269, 0.7465022206306458, -3.680111885070801, -2.657628059387207, -2.631260871887207, 2.166471242904663, -3.668779134750366, 2.6867029666900635, 1.4470316171646118, -2.666717767715454, -3.6685521602630615, 3.6572046279907227, 3.6707253456115723, -3.6754133701324463, -3.6793763637542725, -2.671457290649414, -2.6693568229675293, 2.191413402557373, 2.669694185256958, 2.6800904273986816, 3.669687271118164, -0.0284018162637949]
0.23690417184485854;30.216821670532227;[-1.680057406425476, -1.6810932159423828, 1.6826099157333374, 0.7523180842399597, -3.6901016235351562, -2.6676177978515625, -2.6412556171417236, 2.1764609813690186, -3.6787688732147217, 2.696699380874634, 1.456894040107727, -2.676717519760132, -3.678541898727417, 3.667194366455078, 3.6807150840759277, -3.6854143142700195, -3.689366102218628, -2.6814470291137695, -2.6793465614318848, 2.2014031410217285, 2.6796839237213135, 2.6901040077209473, 3.6796770095825195, -0.02308119274675846]
0.23648165523404233;30.30772590637207;[-1.6900590658187866, -1.6910948753356934, 1.692611575126648, 0.7581220865249634, -3.7000913619995117, -2.677607536315918, -2.6512508392333984, 2.186450719833374, -3.688758611679077, 2.706696033477783, 1.4667692184448242, -2.686716318130493, -3.6885316371917725, 3.6771841049194336, 3.690704822540283, -3.6954143047332764, -3.6993558406829834, -2.691436767578125, -2.6893362998962402, 2.211392879486084, 2.689673662185669, 2.70011568069458, 3.689666748046875, -0.01774902641773224]
0.23606157747958598;30.39863395690918;[-1.7000607252120972, -1.701096534729004, 1.7026132345199585, 0.7639716267585754, -3.710081100463867, -2.6875972747802734, -2.661245822906494, 2.1964404582977295, -3.6987483501434326, 2.716691017150879, 1.4766556024551392, -2.696716547012329, -3.698521375656128, 3.687173843383789, 3.7006945610046387, -3.7054145336151123, -3.709345579147339, -2.7014265060424805, -2.6993260383605957, 2.2213826179504395, 2.6996634006500244, 2.710115909576416, 3.6996564865112305, -0.01246526837348938]
0.2356447898587993;30.489534378051758;[-1.7100623846054077, -1.7110981941223145, 1.712614893913269, 0.7697508335113525, -3.7200708389282227, -2.697587013244629, -2.6712417602539062, 2.206430196762085, -3.708738088607788, 2.726686954498291, 1.4865520000457764, -2.7067148685455322, -3.7085111141204834, 3.6971635818481445, 3.710684299468994, -3.7154150009155273, -3.7193353176116943, -2.711416244506836, -2.709315776824951, 2.231372356414795, 2.70965313911438, 2.720107316970825, 3.709646224975586, -0.007107891608029604]
0.23523005880199635;30.580442428588867;[-1.7200640439987183, -1.721099853515625, 1.7226165533065796, 0.7755959630012512, -3.730060577392578, -2.7075767517089844, -2.681238889694214, 2.2164199352264404, -3.7187278270721436, 2.7366838455200195, 1.4964582920074463, -2.7167153358459473, -3.718500852584839, 3.7071533203125, 3.7206740379333496, -3.7254133224487305, -3.72932505607605, -2.7214059829711914, -2.7193055152893066, 2.2413620948791504, 2.7196428775787354, 2.7300970554351807, 3.7196359634399414, -0.0018211840651929379]
0.23481866490405656;30.67134666442871;[-1.7300657033920288, -1.7311015129089355, 1.7326182126998901, 0.7813746929168701, -3.7400503158569336, -2.71756649017334, -2.6912343502044678, 2.226409673690796, -3.728717565536499, 2.746677875518799, 1.5063754320144653, -2.7267141342163086, -3.7284905910491943, 3.7171430587768555, 3.730663776397705, -3.7354135513305664, -3.7393147945404053, -2.731395721435547, -2.729295253753662, 2.251351833343506, 2.729632616043091, 2.740086793899536, 3.729625701904297, 0.003537702141329646]
0.23440951946302632;30.762250900268555;[-1.7400673627853394, -1.741103172302246, 1.7426198720932007, 0.7871869206428528, -3.750040054321289, -2.7275562286376953, -2.7012321949005127, 2.2363994121551514, -3.7387073040008545, 2.756674289703369, 1.5162980556488037, -2.7367143630981445, -3.73848032951355, 3.727132797241211, 3.7406535148620605, -3.7454123497009277, -3.7493045330047607, -2.7413854598999023, -2.7392849922180176, 2.2613415718078613, 2.7396223545074463, 2.7500765323638916, 3.7396154403686523, 0.008858716115355492]
0.23400304358717589;30.85316276550293;[-1.75006902217865, -1.7511048316955566, 1.7526215314865112, 0.7930080890655518, -3.7600297927856445, -2.737545967102051, -2.711228132247925, 2.246389150619507, -3.74869704246521, 2.7666683197021484, 1.5262281894683838, -2.746713161468506, -3.7484700679779053, 3.7371225357055664, 3.750643253326416, -3.7554118633270264, -3.759294271469116, -2.751375198364258, -2.749274730682373, 2.271331310272217, 2.7496120929718018, 2.760066270828247, 3.749605178833008, 0.01417212001979351]
0.23359916137744982;30.944074630737305;[-1.7600706815719604, -1.7611064910888672, 1.7626231908798218, 0.7988241910934448, -3.77001953125, -2.7475357055664062, -2.7212252616882324, 2.2563788890838623, -3.7586867809295654, 2.776663303375244, 1.5361660718917847, -2.7567138671875, -3.7584598064422607, 3.747112274169922, 3.7606329917907715, -3.765410900115967, -3.7692840099334717, -2.7613649368286133, -2.7592644691467285, 2.2813210487365723, 2.7596018314361572, 2.7700560092926025, 3.7595949172973633, 0.019489595666527748]
0.23319747708228858;31.03497886657715;[-1.770072340965271, -1.7711081504821777, 1.7726248502731323, 0.804697573184967, -3.7800092697143555, -2.7575254440307617, -2.7312211990356445, 2.2663686275482178, -3.768676519393921, 2.786656618118286, 1.5461081266403198, -2.7667133808135986, -3.768449544906616, 3.7571020126342773, 3.770622730255127, -3.775408983230591, -3.779273748397827, -2.7713546752929688, -2.769254207611084, 2.2913107872009277, 2.7695915699005127, 2.780045747756958, 3.7695846557617188, 0.02474738471210003]
0.23279929599974505;31.125890731811523;[-1.7800740003585815, -1.7811098098754883, 1.7826265096664429, 0.8104519844055176, -3.789999008178711, -2.767515182495117, -2.7412185668945312, 2.2763583660125732, -3.7786662578582764, 2.7966513633728027, 1.5560569763183594, -2.7767131328582764, -3.7784392833709717, 3.767091751098633, 3.7806124687194824, -3.7854089736938477, -3.7892634868621826, -2.781344413757324, -2.7792439460754395, 2.301300525665283, 2.779581308364868, 2.7900354862213135, 3.779574394226074, 0.03012998029589653]
0.23240336354338775;31.2168025970459;[-1.790075659751892, -1.7911114692687988, 1.7926281690597534, 0.8162634968757629, -3.7999887466430664, -2.7775049209594727, -2.751213312149048, 2.2863481044769287, -3.788655996322632, 2.806642532348633, 1.5660109519958496, -2.786712646484375, -3.788429021835327, 3.7770814895629883, 3.790602207183838, -3.795409917831421, -3.799253225326538, -2.7913341522216797, -2.789233684539795, 2.3112902641296387, 2.7895710468292236, 2.800025224685669, 3.7895641326904297, 0.03545358031988144]
0.2320099041961472;31.307714462280273;[-1.8000773191452026, -1.8011131286621094, 1.802629828453064, 0.8220789432525635, -3.809978485107422, -2.787494659423828, -2.76120924949646, 2.296337842941284, -3.7986457347869873, 2.8166351318359375, 1.5759649276733398, -2.7967119216918945, -3.7984187602996826, 3.7870712280273438, 3.8005919456481934, -3.8054096698760986, -3.8092429637908936, -2.801323890686035, -2.7992234230041504, 2.321280002593994, 2.799560785293579, 2.8100149631500244, 3.799553871154785, 0.04077158868312836]
0.23161893372350098;31.398622512817383;[-1.8100789785385132, -1.81111478805542, 1.8126314878463745, 0.8278998732566833, -3.8199682235717773, -2.7974843978881836, -2.7712042331695557, 2.3063275814056396, -3.8086354732513428, 2.8266263008117676, 1.5859302282333374, -2.8067116737365723, -3.808408498764038, 3.797060966491699, 3.810581684112549, -3.8154103755950928, -3.819232702255249, -2.8113136291503906, -2.809213161468506, 2.3312697410583496, 2.8095505237579346, 2.82000470161438, 3.8095436096191406, 0.046084847301244736]
0.2312304929534148;31.489538192749023;[-1.8200806379318237, -1.8211164474487305, 1.822633147239685, 0.8337059020996094, -3.829957962036133, -2.807474136352539, -2.781200885772705, 2.316317319869995, -3.8186252117156982, 2.8366200923919678, 1.5958961248397827, -2.8167104721069336, -3.8183982372283936, 3.8070507049560547, 3.8205714225769043, -3.8254101276397705, -3.8292224407196045, -2.821303367614746, -2.8192028999328613, 2.341259479522705, 2.81954026222229, 2.8299944400787354, 3.819533348083496, 0.051411550492048264]
0.2308442999457857;31.580446243286133;[-1.8300822973251343, -1.831118106842041, 1.8326348066329956, 0.839544951915741, -3.8399477005004883, -2.8174638748168945, -2.7911980152130127, 2.3263070583343506, -3.8286149501800537, 2.846614360809326, 1.605862021446228, -2.8267102241516113, -3.828387975692749, 3.81704044342041, 3.8305611610412598, -3.835408926010132, -3.83921217918396, -2.8312931060791016, -2.829192638397217, 2.3512492179870605, 2.8295300006866455, 2.839984178543091, 3.8295230865478516, 0.05670405551791191]
0.23046091048846137;31.671354293823242;[-1.8400839567184448, -1.8411197662353516, 1.8426364660263062, 0.8453510999679565, -3.8499374389648438, -2.82745361328125, -2.801193952560425, 2.336296796798706, -3.838604688644409, 2.856606960296631, 1.6158323287963867, -2.836709976196289, -3.8383777141571045, 3.8270301818847656, 3.8405508995056152, -3.8454079627990723, -3.8492019176483154, -2.841282844543457, -2.8391823768615723, 2.361238956451416, 2.839519739151001, 2.8499739170074463, 3.839512825012207, 0.0620323084294796]
0.23007993325638357;31.762266159057617;[-1.8500856161117554, -1.851121425628662, 1.8526381254196167, 0.8511414527893066, -3.859927177429199, -2.8374433517456055, -2.811192274093628, 2.3462865352630615, -3.8485944271087646, 2.8666021823883057, 1.625810146331787, -2.846709966659546, -3.84836745262146, 3.837019920349121, 3.8505406379699707, -3.855407238006592, -3.859191656112671, -2.8512725830078125, -2.8491721153259277, 2.3712286949157715, 2.8495094776153564, 2.8599636554718018, 3.8495025634765625, 0.06737549602985382]
0.22970131046111875;31.853181838989258;[-1.860087275505066, -1.8611230850219727, 1.8626397848129272, 0.8569645285606384, -3.8699169158935547, -2.847433090209961, -2.821187973022461, 2.356276273727417, -3.85858416557312, 2.876593589782715, 1.6357879638671875, -2.8567092418670654, -3.8583571910858154, 3.8470096588134766, 3.860530376434326, -3.8654062747955322, -3.8691813945770264, -2.861262321472168, -2.859161853790283, 2.381218433380127, 2.859499216079712, 2.8699533939361572, 3.859492301940918, 0.07268613576889038]
0.22932502727163706;31.944089889526367;[-1.8700889348983765, -1.8711247444152832, 1.8726414442062378, 0.8627808690071106, -3.87990665435791, -2.8574228286743164, -2.831186056137085, 2.3662660121917725, -3.8685739040374756, 2.886589288711548, 1.645765781402588, -2.8667097091674805, -3.868346929550171, 3.856999397277832, 3.8705201148986816, -3.8754050731658936, -3.879171133041382, -2.8712520599365234, -2.8691515922546387, 2.3912081718444824, 2.8694889545440674, 2.8799431324005127, 3.8694820404052734, 0.07800154387950897]
0.2289513128601827;32.03499984741211;[-1.880090594291687, -1.8811264038085938, 1.8826431035995483, 0.8685879111289978, -3.8898963928222656, -2.867412567138672, -2.8411831855773926, 2.376255750656128, -3.878563642501831, 2.896583080291748, 1.6557435989379883, -2.8767099380493164, -3.8783366680145264, 3.8669891357421875, 3.880509853363037, -3.885404348373413, -3.8891608715057373, -2.881241798400879, -2.879141330718994, 2.401197910308838, 2.879478693008423, 2.889932870864868, 3.879471778869629, 0.08332764357328415]
0.2285801879623194;32.12591552734375;[-1.8900922536849976, -1.8911280632019043, 1.8926447629928589, 0.8743811249732971, -3.899886131286621, -2.8774023056030273, -2.8511791229248047, 2.3862454891204834, -3.8885533809661865, 2.9065752029418945, 1.6657215356826782, -2.886709451675415, -3.888326406478882, 3.876978874206543, 3.8904995918273926, -3.8954057693481445, -3.8991506099700928, -2.8912315368652344, -2.8891310691833496, 2.4111876487731934, 2.8894684314727783, 2.8999226093292236, 3.8894615173339844, 0.08866879343986511]
0.22821107629316223;32.216827392578125;[-1.900093913078308, -1.9011297225952148, 1.9026464223861694, 0.8802120089530945, -3.9098758697509766, -2.887392044067383, -2.8611745834350586, 2.396235227584839, -3.898543119430542, 2.9165663719177246, 1.6757086515426636, -2.8967087268829346, -3.8983161449432373, 3.8869686126708984, 3.900489330291748, -3.905405044555664, -3.9091403484344482, -2.90122127532959, -2.899120807647705, 2.421177387237549, 2.899458169937134, 2.909912347793579, 3.89945125579834, 0.09397120028734207]
0.22784435853818436;32.3077392578125;[-1.9100955724716187, -1.9111313819885254, 1.91264808177948, 0.8860342502593994, -3.919865608215332, -2.8973817825317383, -2.8711700439453125, 2.4062249660491943, -3.9085328578948975, 2.926558017730713, 1.685698390007019, -2.906708240509033, -3.9083058834075928, 3.896958351135254, 3.9104790687561035, -3.9154052734375, -3.9191300868988037, -2.9112110137939453, -2.9091105461120605, 2.4311671257019043, 2.9094479084014893, 2.9199020862579346, 3.9094409942626953, 0.0992816761136055]
0.22748007751150068;32.39865493774414;[-1.9200972318649292, -1.921133041381836, 1.9226497411727905, 0.8918487429618835, -3.9298553466796875, -2.9073715209960938, -2.8811652660369873, 2.41621470451355, -3.918522596359253, 2.9365487098693848, 1.6956881284713745, -2.9167075157165527, -3.9182956218719482, 3.9069480895996094, 3.920468807220459, -3.925405502319336, -3.929119825363159, -2.921200752258301, -2.919100284576416, 2.4411568641662598, 2.9194376468658447, 2.92989182472229, 3.919430732727051, 0.1046014353632927]
0.22711813956327412;32.489566802978516;[-1.9300988912582397, -1.9311347007751465, 1.932651400566101, 0.8976548910140991, -3.939845085144043, -2.917361259460449, -2.8911612033843994, 2.4262044429779053, -3.9285123348236084, 2.946540355682373, 1.70567786693573, -2.9267070293426514, -3.9282853603363037, 3.916937828063965, 3.9304585456848145, -3.93540620803833, -3.9391095638275146, -2.9311904907226562, -2.9290900230407715, 2.4511466026306152, 2.9294273853302, 2.9398815631866455, 3.9294204711914062, 0.1099286824464798]
0.22675840529213043;32.580482482910156;[-1.9401005506515503, -1.941136360168457, 1.9426530599594116, 0.9034798741340637, -3.9498348236083984, -2.9273509979248047, -2.901156425476074, 2.4361941814422607, -3.938502073287964, 2.9565305709838867, 1.7156676054000854, -2.936706304550171, -3.938275098800659, 3.9269275665283203, 3.94044828414917, -3.945406198501587, -3.94909930229187, -2.9411802291870117, -2.939079761505127, 2.4611363410949707, 2.9394171237945557, 2.949871301651001, 3.9394102096557617, 0.11523707956075668]
0.22640116462398335;32.67139434814453;[-1.9501022100448608, -1.9511380195617676, 1.9526547193527222, 0.9092702865600586, -3.959824562072754, -2.93734073638916, -2.9111523628234863, 2.446183919906616, -3.9484918117523193, 2.966522216796875, 1.725657343864441, -2.9467053413391113, -3.9482648372650146, 3.936917304992676, 3.9504380226135254, -3.955406665802002, -3.9590890407562256, -2.951169967651367, -2.9490694999694824, 2.471126079559326, 2.949406862258911, 2.9598610401153564, 3.949399948120117, 0.1205807700753212]
0.22604597384209743;32.762306213378906;[-1.9601038694381714, -1.9611396789550781, 1.9626563787460327, 0.9150976538658142, -3.9698143005371094, -2.9473304748535156, -2.921147346496582, 2.4561736583709717, -3.958481550216675, 2.9765121936798096, 1.7356470823287964, -2.95670485496521, -3.95825457572937, 3.9469070434570312, 3.960427761077881, -3.965406894683838, -3.969078779220581, -2.9611597061157227, -2.959059238433838, 2.4811158180236816, 2.9593966007232666, 2.969850778579712, 3.9593896865844727, 0.1258867233991623]
0.22569302172374803;32.85322189331055;[-1.970105528831482, -1.9711413383483887, 1.9726580381393433, 0.9209176301956177, -3.979804039001465, -2.957320213317871, -2.931143045425415, 2.466163396835327, -3.9684712886810303, 2.986503839492798, 1.7456368207931519, -2.9667043685913086, -3.9682443141937256, 3.9568967819213867, 3.9704174995422363, -3.9754068851470947, -3.9790685176849365, -2.971149444580078, -2.9690489768981934, 2.491105556488037, 2.969386339187622, 2.9798405170440674, 3.969379425048828, 0.13119927048683167]
0.22534240295288666;32.94413375854492;[-1.9801071882247925, -1.9811429977416992, 1.9826596975326538, 0.9267302751541138, -3.9897937774658203, -2.9673099517822266, -2.941138505935669, 2.4761531352996826, -3.9784610271453857, 2.9964938163757324, 1.7556265592575073, -2.976703643798828, -3.978234052658081, 3.966886520385742, 3.980407238006592, -3.9854073524475098, -3.989058256149292, -2.9811391830444336, -2.979038715362549, 2.5010952949523926, 2.9793760776519775, 2.989830255508423, 3.9793691635131836, 0.13652077317237854]
0.22499407210500352;33.0350456237793;[-1.990108847618103, -1.9911446571350098, 1.9926613569259644, 0.9325242638587952, -3.999783515930176, -2.977299690246582, -2.951134443283081, 2.486142873764038, -3.988450765609741, 3.0064854621887207, 1.7656162977218628, -2.9867026805877686, -3.9882237911224365, 3.9768762588500977, 3.9903969764709473, -3.995407819747925, -3.9990479946136475, -2.991128921508789, -2.9890284538269043, 2.511085033416748, 2.989365816116333, 2.9998199939727783, 3.989358901977539, 0.14186055958271027]
